ÇÍÇÒÇ∏ñ íÜêSà íu
0.000000 -800.000000 690.000000
Ç’ÇÎÇ∂Ç•Ç≠ÇΩåXÇ´äp
0.000000 0.000000 0.000000
ëÊàÍîΩéÀãæà íu
0.000000 220.000000 0.000000
ëÊàÍîΩéÀãæäpìx
-80.000000 0.000000 0.000000
ì ñ ãæíÜêSà íu
0.000000 1470.000000 -100.000000
ã»ó¶îºåa
180.000000
ì ñ ãæäpìx
0.000000 0.000000 0.000000
Ç∑Ç≠ÇËÅ[ÇÒíÜêSà íu
0.000000 0.000000 0.000000
Ç∑Ç≠ÇËÅ[ÇÒåXÇ´äp
0.000000 0.000000 0.000000
óLå¯åãëúì_äÑçá
 2673 / 5265
-405.322174 -559.771790 -111.218018
-408.726318 -540.450928 -175.657715
-403.059692 -524.360840 -229.322021
-391.313934 -510.092804 -276.909241
-374.705994 -497.160217 -320.042419
-353.916138 -485.358978 -359.402344
-329.411469 -474.604828 -395.270020
-301.567108 -464.873413 -427.726563
-270.721832 -456.172852 -456.744995
-237.206207 -448.528809 -482.239746
-201.357376 -441.975677 -504.095947
-163.526932 -436.550507 -522.190186
-124.083267 -432.288635 -536.404541
-83.412437 -429.220612 -546.637085
-41.914284 -427.370026 -552.809326
0.000000 -426.751465 -554.872314
41.914284 -427.370026 -552.809326
83.412239 -429.220612 -546.637085
124.083450 -432.288635 -536.404541
163.526932 -436.550507 -522.190186
201.357376 -441.975677 -504.095947
237.206131 -448.528809 -482.239746
270.721832 -456.172852 -456.744995
301.567169 -464.873444 -427.726440
329.411469 -474.604828 -395.270020
353.916138 -485.358978 -359.402344
374.705994 -497.160156 -320.042603
391.313934 -510.092804 -276.909241
403.059784 -524.360840 -229.322021
408.726318 -540.450928 -175.657715
405.322296 -559.771729 -111.218323
-431.560089 -547.559937 -62.720886
-444.809967 -523.547546 -134.320618
-446.015869 -504.317963 -191.658997
-440.213959 -487.318848 -242.346619
-429.066376 -471.793610 -288.639526
-413.389343 -457.434235 -331.455994
-393.681213 -444.108215 -371.191284
-370.301453 -431.768127 -407.986694
-343.548492 -420.412903 -441.845459
-313.698822 -410.068054 -472.691528
-281.028412 -400.774658 -500.402466
-245.825104 -392.581329 -524.833130
-208.394958 -385.539459 -545.830444
-169.065384 -379.698975 -563.245483
-128.184952 -375.104767 -576.944458
-86.122467 -371.794525 -586.814819
-43.262043 -369.796631 -592.772095
0.000000 -369.128723 -594.763672
43.262043 -369.796631 -592.772095
86.122269 -371.794525 -586.814819
128.185135 -375.104767 -576.944458
169.065384 -379.698975 -563.245483
208.394958 -385.539459 -545.830444
245.825043 -392.581299 -524.833252
281.028412 -400.774658 -500.402466
313.698853 -410.068146 -472.691284
343.548492 -420.412903 -441.845459
370.301453 -431.768127 -407.986694
393.681152 -444.108215 -371.191284
413.389343 -457.434235 -331.455994
429.066376 -471.793671 -288.639343
440.213959 -487.318848 -242.346619
446.015900 -504.317902 -191.659180
444.809998 -523.547546 -134.320618
431.560242 -547.559814 -62.721191
-468.305054 -513.866882 -81.432617
-478.014099 -490.754395 -143.745300
-478.881683 -470.830170 -197.462280
-473.684174 -452.696350 -246.352173
-463.567535 -435.836212 -291.808105
-449.145203 -420.024841 -334.436523
-430.806702 -405.167450 -374.493042
-408.838562 -391.237579 -412.048828
-383.481842 -378.248505 -447.068115
-354.962372 -366.237946 -479.449341
-323.508972 -355.258087 -509.051758
-289.364441 -345.369171 -535.712891
-252.791794 -336.634735 -559.261475
-214.077271 -329.117706 -579.527832
-173.531708 -322.876923 -596.353394
-131.488693 -317.964417 -609.597778
-88.303177 -314.423187 -619.145142
-44.345882 -312.285248 -624.909180
0.000000 -311.570404 -626.836426
44.345882 -312.285248 -624.909180
88.302971 -314.423187 -619.145142
131.488892 -317.964417 -609.597778
173.531708 -322.876923 -596.353394
214.077271 -329.117706 -579.527832
252.791748 -336.634644 -559.261719
289.364441 -345.369171 -535.712891
323.509064 -355.258087 -509.051758
354.962372 -366.237946 -479.449341
383.481842 -378.248505 -447.068115
408.838531 -391.237518 -412.048950
430.806702 -405.167450 -374.493042
449.145264 -420.024902 -334.436401
463.567535 -435.836212 -291.808105
473.684204 -452.696289 -246.352356
478.881683 -470.830200 -197.462158
478.014130 -490.754364 -143.745422
468.304993 -513.866943 -81.432434
-475.568878 -513.427124 -15.058350
-498.043488 -484.088623 -87.240234
-506.745270 -460.711731 -144.754639
-508.019836 -439.850037 -196.080872
-503.790833 -420.526093 -243.623840
-494.940430 -402.338776 -288.370300
-481.961395 -385.107239 -330.765198
-465.171234 -368.757904 -370.989624
-444.803680 -353.276550 -409.078613
-421.054596 -338.685181 -444.977905
-394.107971 -325.029236 -478.575806
-364.151764 -312.368774 -509.724487
-331.387909 -300.772766 -538.254272
-296.038757 -290.314636 -563.984497
-258.350677 -281.068604 -586.732666
-218.595871 -273.105530 -606.324219
-177.072128 -266.491089 -622.597778
-134.100494 -261.282715 -635.411987
-90.023598 -257.527344 -644.651367
-45.199844 -255.259827 -650.230225
0.000000 -254.501587 -652.095703
45.199844 -255.259827 -650.230225
90.023392 -257.527344 -644.651367
134.100662 -261.282837 -635.411743
177.072128 -266.491089 -622.597778
218.595871 -273.105530 -606.324219
258.350586 -281.068604 -586.732666
296.038757 -290.314636 -563.984497
331.388031 -300.772766 -538.254272
364.151764 -312.368774 -509.724487
394.107971 -325.029236 -478.575806
421.054535 -338.685181 -444.977905
444.803680 -353.276550 -409.078613
465.171234 -368.758026 -370.989380
481.961395 -385.107239 -330.765198
494.940369 -402.338776 -288.370300
503.790802 -420.526154 -243.623657
508.019806 -439.850037 -196.080872
506.745209 -460.711823 -144.754456
498.043457 -484.088623 -87.240234
475.568787 -513.427246 -15.058105
-503.654144 -485.680695 -21.139343
-523.099487 -457.222504 -85.525269
-531.762329 -433.206238 -139.861450
-533.809265 -411.338440 -189.336792
-530.739014 -390.842957 -235.707275
-523.279785 -371.380432 -279.740723
-511.846710 -352.795013 -321.789734
-496.707123 -335.024231 -361.995728
-478.055145 -318.060394 -400.375977
-456.051117 -301.930145 -436.870239
-430.844208 -286.683044 -471.366333
-402.586945 -272.384277 -503.716919
-371.444885 -259.108887 -533.752197
-337.602966 -246.937500 -561.289673
-301.269775 -235.952698 -586.142456
-262.679565 -226.236328 -608.125488
-222.093185 -217.865601 -627.064087
-179.797211 -210.911194 -642.798218
-136.101501 -205.434387 -655.189453
-91.337090 -201.485046 -664.124634
-45.850391 -199.100464 -669.519775
0.000000 -198.302917 -671.324219
45.850391 -199.100464 -669.519775
91.336876 -201.485046 -664.124634
136.101700 -205.434387 -655.189453
179.797211 -210.911194 -642.798218
222.093185 -217.865601 -627.064087
262.679504 -226.236267 -608.125610
301.269775 -235.952698 -586.142456
337.603058 -246.937500 -561.289673
371.444885 -259.108887 -533.752197
402.586945 -272.384277 -503.716919
430.844116 -286.683044 -471.366333
456.051117 -301.930145 -436.870239
478.055237 -318.060394 -400.375977
496.707123 -335.024231 -361.995728
511.846710 -352.794983 -321.789856
523.279785 -371.380493 -279.740601
530.739014 -390.842865 -235.707458
533.809326 -411.338440 -189.336792
531.762329 -433.206238 -139.861450
523.099487 -457.222565 -85.525146
503.654144 -485.680695 -21.139343
-526.039917 -461.434235 -18.985901
-544.412354 -432.924225 -78.688293
-553.507629 -408.131195 -130.607056
-556.517700 -385.263336 -178.494324
-554.700806 -363.651611 -223.751099
-548.689026 -342.991364 -267.015442
-538.845764 -323.139221 -308.587524
-525.402771 -304.038300 -348.586548
-508.524689 -285.682739 -387.024658
-488.343567 -268.100952 -423.842407
-464.980133 -251.343872 -458.933228
-438.556793 -235.478760 -492.156128
-409.207245 -220.584045 -523.346924
-377.082825 -206.745117 -552.326782
-342.356781 -194.051086 -578.909180
-305.227478 -182.591431 -602.906738
-265.919495 -172.453369 -624.136719
-224.683899 -163.718811 -642.427612
-181.797256 -156.461914 -657.624146
-137.558655 -150.747070 -669.591553
-92.287903 -146.626221 -678.220947
-46.319572 -144.138000 -683.431519
0.000000 -143.305908 -685.173950
46.319572 -144.138000 -683.431519
92.287689 -146.626221 -678.220947
137.558853 -150.747070 -669.591553
181.797256 -156.461914 -657.624146
224.683899 -163.718811 -642.427612
265.919403 -172.453369 -624.136719
305.227478 -182.591431 -602.906738
342.356873 -194.051086 -578.909180
377.082825 -206.745117 -552.326782
409.207245 -220.584045 -523.346924
438.556732 -235.478760 -492.156128
464.980133 -251.343872 -458.933228
488.343658 -268.100952 -423.842407
508.524689 -285.682739 -387.024658
525.402710 -304.038300 -348.586548
538.845764 -323.139282 -308.587402
548.688965 -342.991364 -267.015442
554.700806 -363.651611 -223.751099
556.517639 -385.263336 -178.494324
553.507629 -408.131226 -130.606934
544.412354 -432.924225 -78.688293
526.040039 -461.434082 -18.986206
-544.344421 -439.944275 -11.758240
-562.516907 -411.011536 -68.148926
-572.299561 -385.401276 -118.063965
-576.370239 -361.574921 -164.502197
-575.843445 -338.921753 -208.653809
-571.290161 -317.154572 -251.078613
-563.039429 -296.135559 -292.045227
-551.297729 -275.808350 -331.663513
-536.207947 -256.166687 -369.945679
-517.880432 -237.237305 -406.839478
-496.412811 -219.070435 -442.247192
-471.902435 -201.733337 -476.037720
-444.455505 -185.305298 -508.056396
-414.193695 -169.874023 -538.132324
-381.258667 -155.532532 -566.084351
-345.815125 -142.375793 -591.727173
-308.053314 -130.498291 -614.876709
-268.189636 -119.991089 -635.355469
-226.466248 -110.939514 -652.997314
-183.150146 -103.420105 -667.652832
-138.530121 -97.498962 -679.193237
-92.914711 -93.229919 -687.513794
-46.626675 -90.652344 -692.537476
0.000000 -89.790405 -694.217407
46.626675 -90.652344 -692.537476
92.914497 -93.229919 -687.513794
138.530304 -97.499023 -679.193115
183.150146 -103.420105 -667.652832
226.466248 -110.939514 -652.997314
268.189545 -119.991089 -635.355469
308.053314 -130.498291 -614.876709
345.815216 -142.375854 -591.727051
381.258667 -155.532532 -566.084351
414.193695 -169.874023 -538.132324
444.455475 -185.305237 -508.056519
471.902435 -201.733337 -476.037720
496.412842 -219.070496 -442.247070
517.880432 -237.237305 -406.839478
536.207886 -256.166687 -369.945679
551.297729 -275.808472 -331.663330
563.039368 -296.135559 -292.045227
571.290222 -317.154572 -251.078613
575.843445 -338.921692 -208.653931
576.370239 -361.574982 -164.502075
572.299561 -385.401276 -118.063965
562.516907 -411.011475 -68.149048
544.344421 -439.944275 -11.758240
-559.335083 -420.883728 -1.038818
-577.782043 -391.353485 -54.865417
-588.397034 -364.929779 -103.029602
-593.572205 -340.203308 -148.100037
-594.336426 -316.591858 -191.138123
-591.222778 -293.815125 -232.654663
-584.538025 -271.734924 -272.901611
-574.472168 -250.292542 -311.986023
-561.152161 -229.478149 -349.925659
-544.672058 -209.315735 -386.677002
-525.111267 -189.852356 -422.154053
-502.546844 -171.153320 -456.238037
-477.061829 -153.296753 -488.786255
-448.752258 -136.370667 -519.638550
-417.731781 -120.469177 -548.623169
-384.134888 -105.690979 -575.560303
-348.119873 -92.135010 -600.269531
-309.870087 -79.899292 -622.572388
-269.594513 -69.077332 -642.298218
-227.526993 -59.756531 -659.287842
-183.925278 -52.015076 -673.398682
-139.067871 -45.920227 -684.508179
-93.252167 -41.526550 -692.516724
-46.789036 -38.874023 -697.351685
0.000000 -37.987061 -698.968384
46.789036 -38.874023 -697.351685
93.251953 -41.526550 -692.516724
139.068069 -45.920227 -684.508179
183.925278 -52.015076 -673.398682
227.526993 -59.756531 -659.287842
269.594452 -69.077271 -642.298340
309.870087 -79.899292 -622.572388
348.119995 -92.135010 -600.269531
384.134888 -105.690979 -575.560303
417.731781 -120.469177 -548.623169
448.752228 -136.370544 -519.638672
477.061829 -153.296753 -488.786255
502.546875 -171.153381 -456.237915
525.111267 -189.852356 -422.154053
544.672058 -209.315674 -386.677124
561.152161 -229.478210 -349.925537
574.472168 -250.292480 -311.986145
584.538025 -271.734985 -272.901550
591.222778 -293.815125 -232.654663
594.336365 -316.591980 -191.137878
593.572205 -340.203308 -148.100037
588.397095 -364.929657 -103.029785
577.782043 -391.353485 -54.865417
559.335083 -420.883728 -1.038818
-590.495178 -373.834839 -39.536011
-602.027222 -346.621307 -86.121826
-608.319031 -321.059509 -129.880066
-610.352478 -296.575653 -171.793091
-608.639893 -272.887512 -212.343872
-603.475342 -249.852966 -251.775818
-595.038208 -227.408081 -290.198425
-583.445251 -205.538147 -327.636780
-568.778442 -184.261902 -364.058716
-551.103516 -163.622620 -399.390381
-530.481079 -143.681396 -433.526978
-506.975525 -124.513794 -466.339233
-480.661163 -106.205872 -497.679932
-451.627258 -88.851440 -527.388306
-419.981750 -72.549744 -555.294556
-385.854095 -57.402588 -581.224365
-349.396973 -43.512146 -605.002930
-310.787750 -30.978088 -626.459473
-270.228394 -19.895813 -645.430786
-227.944855 -10.353516 -661.765869
-184.185715 -2.430298 -675.329346
-139.219376 3.806335 -686.005615
-93.332016 8.301392 -693.700562
-46.822556 11.014832 -698.345581
0.000000 11.921997 -699.898560
46.822556 11.014832 -698.345581
93.331802 8.301392 -693.700562
139.219559 3.806274 -686.005493
184.185715 -2.430298 -675.329346
227.944855 -10.353516 -661.765869
270.228302 -19.895813 -645.430786
310.787750 -30.978088 -626.459473
349.397064 -43.512207 -605.002808
385.854095 -57.402588 -581.224365
419.981750 -72.549744 -555.294556
451.627228 -88.851379 -527.388428
480.661163 -106.205872 -497.679932
506.975555 -124.513855 -466.339111
530.481079 -143.681396 -433.526978
551.103455 -163.622620 -399.390381
568.778442 -184.261963 -364.058594
583.445190 -205.538147 -327.636780
595.038269 -227.408081 -290.198425
603.475342 -249.852966 -251.775879
608.639954 -272.887573 -212.343811
610.352478 -296.575653 -171.793091
608.319031 -321.059448 -129.880188
602.027222 -346.621307 -86.121826
590.495178 -373.834839 -39.536011
-600.892822 -358.347687 -22.686707
-613.393982 -330.374420 -67.826721
-620.796326 -304.042175 -110.318604
-624.064209 -278.769226 -151.101074
-623.702271 -254.265442 -190.642456
-619.999207 -230.380798 -229.184692
-613.129517 -207.044556 -266.841980
-603.203552 -184.235168 -303.649109
-590.295715 -161.965515 -339.585205
-574.461182 -140.273071 -374.589966
-555.748596 -119.214050 -408.572510
-534.206848 -98.859802 -441.417847
-509.892639 -79.292786 -472.992798
-482.874634 -60.604797 -503.149292
-453.237579 -42.893921 -531.729004
-421.085449 -26.262329 -558.567139
-386.543488 -10.814148 -583.495605
-349.759644 3.346985 -606.347168
-310.905701 16.120178 -626.959106
-270.177002 27.409668 -645.176758
-227.791672 37.127014 -660.857422
-183.989319 45.193054 -673.873413
-139.028183 51.540344 -684.115967
-93.183372 56.114258 -691.496826
-46.741821 58.874939 -695.951660
0.000000 59.797974 -697.441162
46.741821 58.874939 -695.951660
93.183167 56.114319 -691.496948
139.028381 51.540344 -684.115967
183.989319 45.193054 -673.873413
227.791672 37.127014 -660.857422
270.176910 27.409668 -645.176758
310.905701 16.120178 -626.959106
349.759766 3.346985 -606.347168
386.543488 -10.814148 -583.495605
421.085449 -26.262329 -558.567139
453.237549 -42.893860 -531.729126
482.874634 -60.604797 -503.149292
509.892700 -79.292847 -472.992676
534.206848 -98.859802 -441.417847
555.748535 -119.214050 -408.572510
574.461243 -140.273071 -374.589966
590.295654 -161.965515 -339.585205
603.203613 -184.235168 -303.649109
613.129517 -207.044495 -266.842102
619.999146 -230.380920 -229.184448
623.702271 -254.265442 -190.642456
624.064209 -278.769165 -151.101196
620.796326 -304.042175 -110.318604
613.393982 -330.374420 -67.826721
600.892761 -358.347809 -22.686523
-609.179932 -344.786133 -4.726501
-622.685059 -316.082092 -48.533264
-631.182312 -289.040070 -89.803589
-635.642639 -263.056702 -129.458191
-636.574341 -237.827393 -167.961975
-634.266846 -213.192078 -205.559265
-628.894287 -189.070740 -242.372131
-620.564270 -165.434570 -278.444580
-609.346558 -142.288940 -313.768372
-595.289978 -119.664917 -348.296143
-578.433289 -97.612793 -381.951050
-558.814331 -76.198425 -414.632690
-536.475159 -55.499756 -446.222046
-511.467560 -35.604736 -476.584961
-483.856659 -16.608704 -505.575806
-453.724152 1.387390 -533.040649
-421.171021 18.279724 -558.820923
-386.318909 33.962830 -582.755737
-349.311493 48.332520 -604.686157
-310.315308 61.288025 -624.458252
-269.519226 72.733765 -641.926147
-227.133682 82.581543 -656.955444
-183.389450 90.753296 -669.426758
-138.534607 97.181824 -679.237671
-92.833252 101.813293 -686.306030
-46.560375 104.608337 -690.571655
0.000000 105.542603 -691.997559
46.560375 104.608337 -690.571655
92.833031 101.813293 -686.306030
138.534821 97.181824 -679.237671
183.389450 90.753296 -669.426758
227.133682 82.581543 -656.955444
269.519165 72.733826 -641.926270
310.315308 61.288025 -624.458252
349.311615 48.332520 -604.686157
386.318909 33.962830 -582.755737
421.171021 18.279724 -558.820923
453.724121 1.387512 -533.040771
483.856659 -16.608704 -505.575806
511.467621 -35.604797 -476.584839
536.475159 -55.499756 -446.222046
558.814331 -76.198364 -414.632813
578.433289 -97.612915 -381.950928
595.289917 -119.664917 -348.296143
609.346619 -142.289001 -313.768311
620.564209 -165.434570 -278.444580
628.894287 -189.070862 -242.371948
634.266846 -213.192078 -205.559265
636.574341 -237.827271 -167.962158
635.642639 -263.056702 -129.458191
631.182312 -289.040070 -89.803589
622.684937 -316.082214 -48.533081
609.179932 -344.786133 -4.726501
-630.070923 -303.636993 -28.551208
-639.644653 -275.938721 -68.648132
-645.253601 -249.315918 -107.188171
-647.419250 -223.444519 -144.640381
-646.438232 -198.150879 -181.256348
-642.487549 -173.344666 -217.166565
-635.675781 -148.987976 -252.426086
-626.070679 -125.078796 -287.037842
-613.717163 -101.640381 -320.968018
-598.647888 -78.716797 -354.152954
-580.891724 -56.367188 -386.506958
-560.479675 -34.664429 -417.924561
-537.449646 -13.691284 -448.286011
-511.850769 6.460938 -477.458984
-483.745758 25.694214 -505.301758
-453.214294 43.906372 -531.666260
-420.354828 60.992554 -556.400757
-385.285919 76.847168 -579.352417
-348.147308 91.366577 -600.371216
-309.100372 104.450500 -619.311890
-268.327606 116.004150 -636.037354
-226.031952 125.940735 -650.421875
-182.435272 134.183044 -662.353638
-137.775772 140.665161 -671.737427
-92.306488 145.334229 -678.496460
-46.290676 148.151367 -682.574707
0.000000 149.093201 -683.938110
46.290676 148.151367 -682.574707
92.306274 145.334229 -678.496460
137.775970 140.665161 -671.737427
182.435272 134.183044 -662.353638
226.031952 125.940735 -650.421875
268.327515 116.004150 -636.037354
309.100372 104.450500 -619.311890
348.147400 91.366516 -600.371094
385.285919 76.847168 -579.352417
420.354828 60.992554 -556.400757
453.214203 43.906372 -531.666260
483.745758 25.694214 -505.301758
511.850800 6.460815 -477.458862
537.449646 -13.691284 -448.286011
560.479614 -34.664368 -417.924683
580.891785 -56.367188 -386.506958
598.647888 -78.716736 -354.153076
613.717163 -101.640503 -320.967896
626.070740 -125.078674 -287.037964
635.675781 -148.988098 -252.425903
642.487549 -173.344666 -217.166565
646.438293 -198.150757 -181.256531
647.419250 -223.444519 -144.640381
645.253601 -249.315918 -107.188171
639.644592 -275.938782 -68.648010
630.070923 -303.636993 -28.551208
-635.708130 -292.931915 -8.128906
-646.340576 -264.622192 -47.105591
-653.055237 -237.422729 -84.553711
-656.396057 -210.984131 -120.954224
-656.672058 -185.116333 -156.568848
-654.066956 -159.717285 -191.538208
-648.692505 -134.739319 -225.927673
-640.617615 -110.171448 -259.752625
-629.885193 -86.029846 -292.990662
-616.524292 -62.350647 -325.592102
-600.557678 -39.186768 -357.484009
-582.007996 -16.604126 -388.575684
-560.902405 5.319641 -418.760254
-537.276550 26.498596 -447.919312
-511.177704 46.838989 -475.923828
-482.667389 66.241577 -502.637207
-451.823792 84.603699 -527.918091
-418.743164 101.820435 -551.622070
-383.541321 117.786987 -573.604736
-346.354065 132.400635 -593.724731
-307.337769 145.562378 -611.845703
-266.668793 157.179138 -627.839600
-224.542480 167.165649 -641.588989
-181.172043 175.446167 -652.989624
-136.785797 181.956421 -661.952881
-91.625977 186.644531 -668.407471
-45.944206 189.472778 -672.301392
0.000000 190.418213 -673.603027
45.944206 189.472778 -672.301392
91.625763 186.644531 -668.407471
136.785995 181.956421 -661.952881
181.172043 175.446167 -652.989624
224.542480 167.165649 -641.588989
266.668671 157.179138 -627.839600
307.337769 145.562378 -611.845703
346.354156 132.400574 -593.724609
383.541321 117.786987 -573.604736
418.743164 101.820435 -551.622070
451.823730 84.603699 -527.918091
482.667389 66.241577 -502.637207
511.177765 46.838867 -475.923706
537.276550 26.498596 -447.919312
560.902405 5.319763 -418.760376
582.008057 -16.604126 -388.575684
600.557678 -39.186707 -357.484131
616.524292 -62.350708 -325.592041
629.885193 -86.029785 -292.990784
640.617554 -110.171570 -259.752441
648.692505 -134.739319 -225.927673
654.066956 -159.717163 -191.538330
656.672058 -185.116333 -156.568848
656.396057 -210.984131 -120.954224
653.055176 -237.422791 -84.553589
646.340576 -264.622192 -47.105591
635.708191 -292.931824 -8.129028
-651.415649 -254.977478 -25.378784
-659.196594 -227.254578 -61.766968
-663.656799 -200.314453 -97.127625
-665.122437 -173.948059 -131.735352
-663.787537 -148.039551 -165.742004
-659.769653 -122.530640 -199.224182
-653.140381 -97.401489 -232.207886
-643.943481 -72.659424 -264.683472
-632.206238 -48.333496 -296.612915
-617.947449 -24.469177 -327.936462
-601.183777 -1.125916 -358.576050
-581.934204 21.625610 -388.438965
-560.224060 43.704773 -417.419312
-536.087585 65.023132 -445.401123
-509.571259 85.485840 -472.259766
-480.735962 104.993347 -497.864746
-449.658539 123.443298 -522.081543
-416.433350 140.731323 -544.773193
-381.173706 156.754272 -565.804443
-344.011505 171.410889 -585.042236
-305.098175 184.604065 -602.359131
-264.603943 196.242615 -617.635498
-222.716766 206.243286 -630.762085
-179.641281 214.532593 -641.642334
-135.596024 221.047424 -650.193481
-90.812691 225.737915 -656.350098
-45.531479 228.567139 -660.063599
0.000000 229.512695 -661.304688
45.531479 228.567139 -660.063599
90.812477 225.737915 -656.350098
135.596222 221.047424 -650.193481
179.641281 214.532593 -641.642334
222.716766 206.243286 -630.762085
264.603851 196.242615 -617.635498
305.098175 184.604065 -602.359131
344.011597 171.410889 -585.042236
381.173706 156.754272 -565.804443
416.433350 140.731323 -544.773193
449.658478 123.443298 -522.081543
480.735962 104.993347 -497.864746
509.571320 85.485718 -472.259644
536.087585 65.023132 -445.401123
560.223999 43.704773 -417.419312
581.934265 21.625610 -388.438965
601.183716 -1.125916 -358.576050
617.947449 -24.469238 -327.936340
632.206177 -48.333496 -296.612915
643.943481 -72.659546 -264.683289
653.140381 -97.401489 -232.207886
659.769653 -122.530518 -199.224304
663.787537 -148.039551 -165.742004
665.122437 -173.948059 -131.735352
663.656738 -200.314575 -97.127502
659.196594 -227.254578 -61.766968
651.415771 -254.977295 -25.378967
-655.003357 -246.895508 -3.628784
-663.817017 -218.691956 -38.997864
-669.345154 -191.306702 -73.340698
-671.936890 -164.507813 -106.948242
-671.799744 -138.164063 -139.984985
-669.059265 -112.205872 -172.538269
-663.792175 -86.603210 -204.645630
-656.044312 -61.355347 -236.308105
-645.842834 -36.483215 -267.499390
-633.205261 -12.024719 -298.171936
-618.143982 11.967957 -328.260254
-600.672180 35.430420 -357.683716
-580.806702 58.288696 -386.349487
-558.572083 80.460083 -414.153809
-534.002136 101.854980 -440.984375
-507.143250 122.378174 -466.721802
-478.055634 141.930603 -491.241821
-446.815094 160.410522 -514.416870
-413.514496 177.715515 -536.118408
-378.264191 193.743774 -556.218872
-341.192596 208.396423 -574.594238
-302.446167 221.578552 -591.125488
-262.189026 233.201416 -605.701294
-220.601868 243.184082 -618.220215
-177.880844 251.455078 -628.592651
-134.235077 257.953613 -636.742188
-89.885788 262.631348 -642.608276
-45.062099 265.452148 -646.145874
0.000000 266.394897 -647.328125
45.062099 265.452148 -646.145874
89.885582 262.631348 -642.608276
134.235275 257.953613 -636.742188
177.880844 251.455078 -628.592651
220.601868 243.184082 -618.220215
262.188934 233.201416 -605.701294
302.446167 221.578552 -591.125488
341.192688 208.396423 -574.594238
378.264191 193.743774 -556.218872
413.514496 177.715515 -536.118408
446.815033 160.410522 -514.416870
478.055634 141.930603 -491.241821
507.143341 122.378174 -466.721802
534.002136 101.854980 -440.984375
558.572021 80.460083 -414.153809
580.806824 58.288696 -386.349487
600.672119 35.430420 -357.683716
618.143921 11.967773 -328.260071
633.205200 -12.024719 -298.171936
645.842957 -36.483215 -267.499390
656.044312 -61.355347 -236.308105
663.792175 -86.603149 -204.645752
669.059265 -112.205872 -172.538269
671.799744 -138.164063 -139.984985
671.936951 -164.507813 -106.948242
669.345154 -191.306702 -73.340698
663.817017 -218.691956 -38.997864
655.003357 -246.895508 -3.628784
-667.043945 -211.622437 -16.379456
-673.594604 -183.838501 -49.735535
-677.254150 -156.663757 -82.360352
-678.246521 -129.949890 -114.431763
-676.708008 -103.614441 -146.048950
-672.721680 -77.617432 -177.259766
-666.337524 -51.948975 -208.076172
-657.584412 -26.621887 -238.482666
-646.479370 -1.666443 -268.443054
-633.032837 22.872070 -297.902893
-617.253906 46.936890 -326.794067
-599.153687 70.460266 -355.035156
-578.748413 93.366272 -382.535034
-556.062134 115.570374 -409.192261
-531.129089 136.983093 -434.899414
-503.995544 157.509399 -459.542358
-474.721497 177.051208 -483.003418
-443.381866 195.508484 -505.162354
-410.067719 212.780457 -525.898315
-374.886841 228.767700 -545.091919
-337.963898 243.373901 -562.627441
-299.440552 256.506714 -578.394043
-259.474945 268.080200 -592.288696
-218.240540 278.015869 -604.217041
-175.925262 286.244873 -614.096313
-132.728943 292.708252 -621.855957
-88.862663 297.359253 -627.439819
-44.544785 300.163940 -630.806885
0.000000 301.101196 -631.932129
44.544785 300.163940 -630.806885
88.862457 297.359253 -627.439819
132.729126 292.708252 -621.855957
175.925262 286.244873 -614.096313
218.240540 278.015869 -604.217041
259.474854 268.080200 -592.288696
299.440552 256.506714 -578.394043
337.963989 243.373779 -562.627319
374.886841 228.767700 -545.091919
410.067719 212.780457 -525.898315
443.381775 195.508484 -505.162354
474.721497 177.051208 -483.003418
503.995636 157.509399 -459.542358
531.129089 136.983093 -434.899414
556.062134 115.570435 -409.192383
578.748474 93.366272 -382.535034
599.153748 70.460510 -355.035400
617.253967 46.936890 -326.794067
633.032898 22.872192 -297.903015
646.479370 -1.666626 -268.442871
657.584412 -26.621887 -238.482666
666.337402 -51.948975 -208.076172
672.721680 -77.617432 -177.259766
676.708008 -103.614441 -146.048950
678.246460 -129.950012 -114.431641
677.254150 -156.663757 -82.360352
673.594666 -183.838440 -49.735657
667.043945 -211.622437 -16.379456
-668.993958 -205.939697 5.984619
-676.528809 -177.793518 -26.423584
-681.203552 -150.290222 -58.091553
-683.262512 -123.262024 -89.212463
-682.854736 -96.612549 -119.897278
-680.071899 -70.290710 -150.204895
-674.968811 -44.277832 -180.156738
-667.578125 -18.577942 -209.748230
-657.917480 6.786072 -238.953003
-645.996887 31.776672 -267.727783
-631.823120 56.343872 -296.015015
-615.402893 80.426941 -323.744873
-596.746643 103.956116 -350.836914
-575.870483 126.853638 -377.201660
-552.799194 149.035400 -402.742310
-527.567200 170.411682 -427.355469
-500.220917 190.888550 -450.932983
-470.820221 210.369324 -473.363647
-439.439056 228.755859 -494.534302
-406.166840 245.949707 -514.331787
-371.108795 261.854492 -532.644897
-334.385742 276.375977 -549.365356
-296.134735 289.425659 -564.390991
-256.507782 300.919556 -577.625366
-215.671509 310.782715 -588.982056
-173.805664 318.948364 -598.384155
-131.101089 325.359985 -605.766724
-87.759041 329.972778 -611.078003
-43.987411 332.753906 -614.280151
0.000000 333.682983 -615.349976
43.987411 332.753906 -614.280151
87.758835 329.972778 -611.078003
131.101273 325.359985 -605.766724
173.805664 318.948364 -598.384155
215.671509 310.782715 -588.982056
256.507690 300.919556 -577.625366
296.134735 289.425659 -564.390991
334.385834 276.375977 -549.365356
371.108795 261.854492 -532.644897
406.166840 245.949707 -514.331787
439.438995 228.755859 -494.534302
470.820221 210.369324 -473.363647
500.221039 190.888550 -450.932983
527.567200 170.411682 -427.355469
552.799133 149.035400 -402.742310
575.870544 126.853638 -377.201660
596.746704 103.956238 -350.837036
615.402954 80.426941 -323.744873
631.823059 56.343872 -296.015015
645.997009 31.776672 -267.727783
657.917480 6.786072 -238.953003
667.578064 -18.577820 -209.748352
674.968811 -44.277832 -180.156738
680.071899 -70.290710 -150.204895
682.854797 -96.612549 -119.897278
683.262512 -123.262024 -89.212463
681.203491 -150.290222 -58.091553
676.528809 -177.793518 -26.423584
668.993958 -205.939819 5.984741
-678.260071 -173.064026 -3.489502
-683.903992 -145.270325 -34.233704
-686.972473 -117.974731 -64.426941
-687.629883 -91.065186 -94.193115
-685.977478 -64.479553 -123.601013
-682.077454 -38.188721 -152.682739
-675.966003 -12.189270 -181.442261
-667.663757 13.504578 -209.863647
-657.181091 38.862305 -237.913269
-644.523804 63.841187 -265.543823
-629.696045 88.387085 -292.695496
-612.703918 112.437378 -319.298889
-593.557800 135.920532 -345.274902
-572.274353 158.758545 -370.537354
-548.878784 180.866943 -394.992676
-523.406372 202.157227 -418.543091
-495.903717 222.536743 -441.086060
-466.430389 241.910767 -462.516724
-435.059662 260.183594 -482.729370
-401.878998 277.259277 -501.617798
-366.991028 293.044434 -519.078613
-330.512909 307.447876 -535.011108
-292.576904 320.384033 -549.320435
-253.329269 331.772217 -561.917603
-212.929703 341.540161 -572.722534
-171.550156 349.624023 -581.664551
-129.372681 355.969482 -588.683594
-86.589050 360.533569 -593.732178
-43.397060 363.284790 -596.775513
0.000000 364.203857 -597.792114
43.397060 363.284790 -596.775513
86.588844 360.533569 -593.732178
129.372864 355.969482 -588.683594
171.550156 349.624023 -581.664551
212.929703 341.540161 -572.722534
253.329178 331.772217 -561.917603
292.576904 320.384033 -549.320435
330.513000 307.447876 -535.011108
366.991028 293.044434 -519.078613
401.878998 277.259277 -501.617798
435.059601 260.183594 -482.729370
466.430389 241.910767 -462.516724
495.903839 222.536743 -441.086060
523.406372 202.157227 -418.543091
548.878784 180.867065 -394.992798
572.274292 158.758362 -370.537109
593.557739 135.920532 -345.274902
612.703979 112.437378 -319.298889
629.695984 88.387085 -292.695496
644.523743 63.840881 -265.543518
657.181091 38.862305 -237.913269
667.663696 13.504700 -209.863770
675.966003 -12.189270 -181.442261
682.077454 -38.188721 -152.682739
685.977539 -64.479553 -123.601013
687.629883 -91.065186 -94.193115
686.972412 -117.974731 -64.426941
683.903992 -145.270325 -34.233704
678.260010 -173.064209 -3.489319
-685.464172 -141.495667 -10.855408
-689.491577 -113.970520 -40.150818
-691.154053 -86.846619 -69.019165
-690.565002 -60.048889 -97.540405
-687.794128 -33.538635 -125.755615
-682.883301 -7.303223 -153.678345
-675.856567 18.650391 -181.301147
-666.726074 44.299561 -208.599915
-655.497742 69.608337 -235.536377
-642.174561 94.530029 -262.060913
-626.759827 119.008118 -288.113281
-609.259338 142.977966 -313.624695
-589.684082 166.367432 -338.518433
-568.051392 189.098328 -362.711304
-544.387512 211.087341 -386.114502
-518.728149 232.246948 -408.635010
-491.120422 252.486328 -430.176025
-461.623566 271.713135 -450.639404
-430.309692 289.833862 -469.925537
-397.264740 306.755981 -487.936035
-362.588531 322.388794 -504.574219
-326.394592 336.644775 -519.747070
-288.810486 349.441040 -533.366333
-249.976776 360.700684 -545.350098
-210.046494 370.354126 -555.624390
-169.183884 378.340088 -564.123901
-127.562637 384.606812 -570.793701
-85.365334 389.113281 -575.589966
-42.780056 391.829224 -578.480591
0.000000 392.736572 -579.446289
42.780056 391.829224 -578.480591
85.365143 389.113281 -575.589966
127.562828 384.606812 -570.793701
169.183884 378.340088 -564.123901
210.046494 370.354126 -555.624390
249.976685 360.700684 -545.350098
288.810486 349.441040 -533.366333
326.394714 336.644775 -519.747070
362.588531 322.388794 -504.574219
397.264740 306.755981 -487.936035
430.309631 289.833862 -469.925537
461.623566 271.713135 -450.639404
491.120483 252.486206 -430.175903
518.728149 232.246948 -408.635010
544.387451 211.087341 -386.114502
568.051453 189.098328 -362.711304
589.684021 166.367432 -338.518433
609.259399 142.977966 -313.624695
626.759766 119.008118 -288.113281
642.174561 94.529907 -262.060791
655.497742 69.608337 -235.536377
666.726074 44.299683 -208.600037
675.856567 18.650391 -181.301147
682.883301 -7.303223 -153.678345
687.794067 -33.538757 -125.755493
690.565002 -60.048889 -97.540405
691.154175 -86.846497 -69.019287
689.491577 -113.970520 -40.150818
685.464172 -141.495789 -10.855286
-690.924927 -111.142029 -16.438782
-693.538879 -83.840759 -44.436768
-693.951172 -56.874878 -72.090881
-692.241089 -30.194824 -99.451843
-688.456848 -3.779175 -126.541687
-682.627014 22.373413 -153.361694
-674.766418 48.247131 -179.895752
-664.882141 73.813538 -206.114685
-652.977112 99.032593 -231.977356
-639.052856 123.854553 -257.432800
-623.112305 148.220886 -282.421021
-605.161865 172.066284 -306.875000
-585.213318 195.318420 -330.720581
-563.285034 217.899841 -353.878296
-539.403870 239.727661 -376.263184
-513.606628 260.716675 -397.787842
-485.940338 280.777710 -418.360962
-456.463959 299.821167 -437.890381
-425.248688 317.756348 -456.283325
-392.378601 334.493896 -473.447998
-357.950714 349.946167 -489.294678
-322.074951 364.028809 -503.736694
-284.874298 376.662720 -516.693115
-246.483749 387.774048 -528.088013
-207.049774 397.296143 -537.853149
-166.729294 405.170654 -545.928589
-125.687851 411.348267 -552.263794
-84.099174 415.789429 -556.818359
-42.142048 418.465576 -559.562866
0.000000 419.359619 -560.479614
42.142048 418.465576 -559.562866
84.098976 415.789429 -556.818359
125.688034 411.348267 -552.263794
166.729294 405.170654 -545.928589
207.049774 397.296143 -537.853149
246.483658 387.774048 -528.088013
284.874298 376.662720 -516.693115
322.075043 364.028809 -503.736694
357.950714 349.946167 -489.294678
392.378601 334.493896 -473.447998
425.248627 317.756348 -456.283325
456.463959 299.821167 -437.890381
485.940430 280.777710 -418.360962
513.606628 260.716675 -397.787842
539.403931 239.727905 -376.263428
563.284973 217.899597 -353.878052
585.213257 195.318420 -330.720581
605.161926 172.066284 -306.875000
623.112244 148.220886 -282.421021
639.052795 123.854309 -257.432556
652.977112 99.032593 -231.977356
664.882141 73.813660 -206.114807
674.766418 48.247131 -179.895752
682.627014 22.373413 -153.361694
688.456909 -3.779175 -126.541687
692.241089 -30.194824 -99.451843
693.951111 -56.874878 -72.090881
693.538879 -83.840759 -44.436768
690.924927 -111.142151 -16.438599
-691.367615 -109.390930 6.671753
-694.885437 -81.941589 -20.488220
-696.243408 -54.843323 -47.300781
-695.531311 -28.035278 -73.826233
-692.805054 -1.486572 -100.095032
-688.098145 24.811890 -126.116211
-681.429382 50.852295 -151.882080
-672.807739 76.612427 -177.370667
-662.236816 102.059448 -202.549377
-649.717896 127.150085 -227.375488
-635.251831 151.832397 -251.797607
-618.842102 176.047119 -275.757019
-600.495667 199.728149 -299.188416
-580.225281 222.803589 -322.020569
-558.050476 245.196655 -344.177612
-533.999268 266.826660 -365.579590
-508.108459 287.609253 -386.143066
-480.425903 307.458862 -405.783325
-451.009766 326.287476 -424.413452
-419.930206 344.007813 -441.947021
-387.269440 360.533813 -458.298828
-353.121735 375.781006 -473.385254
-317.593536 389.669067 -487.126831
-280.803040 402.121216 -499.447754
-242.880005 413.067749 -510.278809
-203.964493 422.444458 -519.556763
-164.206360 430.196045 -527.226563
-123.763245 436.275146 -533.241577
-82.800537 440.644897 -537.565308
-41.488026 443.277710 -540.170288
0.000000 444.156982 -541.040283
41.488026 443.277710 -540.170288
82.800346 440.644897 -537.565308
123.763428 436.275146 -533.241577
164.206360 430.196045 -527.226563
203.964493 422.444458 -519.556763
242.879913 413.067749 -510.278809
280.803040 402.121216 -499.447754
317.593628 389.669067 -487.126831
353.121735 375.781006 -473.385254
387.269440 360.533813 -458.298828
419.930176 344.007935 -441.947144
451.009766 326.287476 -424.413452
480.425995 307.458862 -405.783325
508.108459 287.609253 -386.143066
533.999207 266.826660 -365.579590
558.050537 245.196655 -344.177612
580.225220 222.803589 -322.020569
600.495667 199.728027 -299.188293
618.842102 176.047119 -275.757019
635.251953 151.832397 -251.797607
649.717896 127.150085 -227.375488
662.236877 102.059631 -202.549561
672.807739 76.612427 -177.370667
681.429382 50.852295 -151.882080
688.098206 24.811890 -126.116211
692.805054 -1.486572 -100.095032
695.531311 -28.035278 -73.826233
696.243408 -54.843323 -47.300781
694.885498 -81.941650 -20.488159
691.367615 -109.390930 6.671753
-695.286072 -81.052795 2.798828
-697.539856 -53.850647 -23.202209
-697.768555 -26.949097 -48.915894
-696.036926 -0.307068 -74.381470
-692.384399 26.092468 -99.615295
-686.833862 52.248901 -124.616760
-679.397644 78.147583 -149.371887
-670.080627 103.761658 -173.854919
-658.884399 129.054626 -198.031067
-645.809326 153.980957 -221.856750
-630.856323 178.487305 -245.280945
-614.029480 202.513733 -268.246460
-595.336792 225.994263 -290.690247
-574.792175 248.857788 -312.544189
-552.416138 271.028809 -333.736145
-528.237671 292.427979 -354.190430
-502.294220 312.973633 -373.828857
-474.633423 332.582153 -392.571533
-445.313171 351.168823 -410.337524
-414.402283 368.649292 -427.046143
-381.981110 384.940796 -442.618286
-348.141266 399.962524 -456.976685
-312.985413 413.637085 -470.047363
-276.627502 425.891479 -481.760742
-239.191956 436.659180 -492.052979
-200.812653 445.878906 -500.865601
-161.632645 453.497925 -508.148193
-121.802086 459.471558 -513.858032
-81.478233 463.764526 -517.961426
-40.822388 466.350708 -520.433350
0.000000 467.214355 -521.258911
40.822388 466.350708 -520.433350
81.478043 463.764526 -517.961426
121.802269 459.471558 -513.858032
161.632645 453.497925 -508.148193
200.812653 445.878906 -500.865601
239.191864 436.659180 -492.052979
276.627502 425.891479 -481.760742
312.985535 413.637085 -470.047363
348.141266 399.962524 -456.976685
381.981110 384.940796 -442.618286
414.402252 368.649414 -427.046265
445.313171 351.168823 -410.337524
474.633514 332.582153 -392.571533
502.294220 312.973633 -373.828857
528.237610 292.427979 -354.190430
552.416199 271.028809 -333.736145
574.792114 248.857788 -312.544189
595.336792 225.994141 -290.690125
614.029419 202.513733 -268.246460
630.856384 178.487305 -245.280945
645.809326 153.980957 -221.856750
658.884399 129.054749 -198.031189
670.080627 103.761658 -173.854919
679.397644 78.147583 -149.371887
686.833923 52.248901 -124.616760
692.384399 26.092468 -99.615295
696.036865 -0.307068 -74.381470
697.768555 -26.949097 -48.915894
697.539856 -53.850769 -23.202087
695.286072 -81.052795 2.798828
-697.929321 -53.802673 0.186340
-699.047607 -26.834778 -24.743835
-698.252686 -0.132446 -49.428528
-695.591003 26.330322 -73.891724
-691.090515 52.560303 -98.139709
-684.766846 78.549500 -122.165161
-676.627563 104.278015 -145.949585
-666.675110 129.715088 -169.464600
-654.909851 154.821777 -192.674194
-641.331787 179.550781 -215.534607
-625.942444 203.848022 -237.995911
-608.746887 227.653320 -260.002502
-589.754028 250.901367 -281.493835
-568.979004 273.521729 -302.404968
-546.443481 295.440552 -322.667603
-522.177063 316.580566 -342.210205
-496.217773 336.862183 -360.959351
-468.613251 356.204712 -378.840332
-439.420624 374.526245 -395.777466
-408.707550 391.745605 -411.695679
-376.552521 407.783569 -426.521851
-343.044128 422.562256 -440.183838
-308.281769 436.008179 -452.613770
-272.374878 448.051636 -463.747192
-235.442810 458.628906 -473.525269
-197.613586 467.682129 -481.894409
-159.023636 475.161133 -488.808228
-119.815933 481.023193 -494.227417
-80.139984 485.235107 -498.121094
-40.148994 487.772217 -500.466431
0.000000 488.619385 -501.249634
40.148994 487.772217 -500.466431
80.139793 485.235107 -498.121094
119.816109 481.023193 -494.227417
159.023636 475.161133 -488.808228
197.613586 467.682129 -481.894409
235.442719 458.628906 -473.525269
272.374878 448.051636 -463.747192
308.281860 436.008179 -452.613770
343.044128 422.562256 -440.183838
376.552521 407.783569 -426.521851
408.707520 391.745728 -411.695801
439.420624 374.526245 -395.777466
468.613342 356.204712 -378.840332
496.217773 336.862183 -360.959351
522.177002 316.580566 -342.210205
546.443542 295.440552 -322.667603
568.978943 273.521729 -302.404968
589.754028 250.901245 -281.493713
608.746826 227.653320 -260.002502
625.942566 203.848022 -237.995911
641.331787 179.550781 -215.534607
654.909790 154.821899 -192.674316
666.675110 129.715088 -169.464600
676.627563 104.278015 -145.949585
684.766907 78.549500 -122.165161
691.090515 52.560303 -98.139709
695.590942 26.330322 -73.891724
698.252686 -0.132446 -49.428528
699.047668 -26.834839 -24.743774
697.929321 -53.802673 0.186340
-699.454468 -27.601746 -1.321045
-699.543945 -0.864990 -25.251282
-697.814941 25.629822 -48.964966
-694.301208 51.897400 -72.475281
-689.022461 77.936646 -95.781250
-681.989136 103.733948 -118.870667
-673.205505 129.264954 -141.721741
-662.672546 154.496277 -164.304565
-650.390137 179.387085 -186.582642
-636.358398 203.888794 -208.512451
-620.579834 227.947144 -230.045471
-603.060181 251.502075 -251.127869
-583.809753 274.489136 -271.701965
-562.844849 296.838989 -291.705811
-540.188049 318.479736 -311.075012
-515.869690 339.336060 -329.742065
-489.927979 359.330811 -347.637939
-462.410553 378.385864 -364.692871
-433.373901 396.422729 -380.836426
-402.884308 413.363281 -395.998779
-371.018188 429.131592 -410.111938
-337.861542 443.653442 -423.109375
-303.510071 456.858032 -434.927979
-268.069214 468.679932 -445.508911
-231.653168 479.057739 -454.797363
-194.384384 487.936890 -462.744507
-156.392929 495.269409 -469.307373
-117.814972 501.015625 -474.450439
-78.792549 505.143188 -478.144653
-39.471222 507.629028 -480.369629
0.000000 508.459229 -481.112671
39.471222 507.629028 -480.369629
78.792366 505.143188 -478.144653
117.815140 501.015625 -474.450439
156.392929 495.269409 -469.307373
194.384384 487.936890 -462.744507
231.653076 479.057739 -454.797363
268.069214 468.679932 -445.508911
303.510162 456.858032 -434.927979
337.861542 443.653442 -423.109375
371.018188 429.131592 -410.111938
402.884247 413.363281 -395.998779
433.373901 396.422729 -380.836426
462.410583 378.385742 -364.692749
489.927979 359.330811 -347.637939
515.869629 339.336060 -329.742065
540.188110 318.479736 -311.075012
562.844788 296.838989 -291.705811
583.809814 274.489136 -271.701965
603.060120 251.502075 -251.127869
620.579834 227.947021 -230.045349
636.358398 203.888794 -208.512451
650.390015 179.387085 -186.582642
662.672546 154.496277 -164.304565
673.205505 129.264954 -141.721741
681.989075 103.733826 -118.870544
689.022461 77.936646 -95.781250
694.301208 51.897461 -72.475342
697.814941 25.629822 -48.964966
699.543945 -0.865112 -25.251160
699.454468 -27.601746 -1.321045
-699.993408 -2.417053 -1.853760
-699.144348 24.085083 -24.842712
-696.559265 50.360779 -47.635254
-692.262573 76.415955 -70.236511
-686.268250 102.243408 -92.640259
-678.582825 127.824951 -114.830627
-669.208862 153.133240 -136.783997
-658.146179 178.132446 -158.469299
-645.394592 202.780273 -179.849731
-630.955078 227.028076 -200.883179
-614.830688 250.820923 -221.522034
-597.028564 274.099854 -241.715088
-577.560059 296.801025 -261.406921
-556.442566 318.856934 -280.539063
-533.699402 340.197021 -299.050293
-509.361633 360.748535 -316.877380
-483.467926 380.437012 -333.955933
-456.065338 399.186890 -350.220337
-427.209747 416.922974 -365.605225
-396.966064 433.570313 -380.045776
-365.408478 449.055786 -393.478516
-332.620544 463.309326 -405.842529
-298.694427 476.263306 -417.079346
-263.731354 487.854736 -427.134155
-227.840820 498.026245 -435.957275
-191.139771 506.725220 -443.503174
-153.752304 513.906982 -449.732910
-115.807953 519.533691 -454.613647
-77.441788 523.574463 -458.118774
-38.791988 526.007690 -460.229492
0.000000 526.820190 -460.934326
38.791988 526.007690 -460.229492
77.441605 523.574463 -458.118774
115.808113 519.533447 -454.613525
153.752304 513.906982 -449.732910
191.139771 506.725220 -443.503174
227.840729 498.026245 -435.957275
263.731354 487.854736 -427.134155
298.694550 476.263306 -417.079346
332.620544 463.309326 -405.842529
365.408478 449.055786 -393.478516
396.966034 433.570435 -380.045898
427.209747 416.922974 -365.605225
456.065430 399.186890 -350.220337
483.467926 380.437012 -333.955933
509.361603 360.748535 -316.877380
533.699402 340.196899 -299.050171
556.442505 318.856934 -280.539063
577.560120 296.801025 -261.406921
597.028625 274.099976 -241.715210
614.830811 250.820923 -221.522034
630.955078 227.028076 -200.883179
645.394592 202.780396 -179.849854
658.146179 178.132446 -158.469299
669.208862 153.133240 -136.783997
678.582886 127.824951 -114.830627
686.268250 102.243408 -92.640259
692.262512 76.415955 -70.236511
696.559265 50.360779 -47.635254
699.144348 24.084900 -24.842590
699.993408 -2.417053 -1.853760
-699.659546 21.780151 -1.523743
-697.950012 48.040344 -23.621582
-694.577637 74.083557 -45.536804
-689.560242 99.908997 -67.268799
-682.907104 125.504333 -88.807129
-674.622559 150.847839 -110.133545
-664.707764 175.909790 -131.223083
-653.162354 200.652893 -152.044250
-639.986450 225.033936 -172.560730
-625.181641 249.003784 -192.731262
-608.751953 272.508057 -212.510010
-590.705811 295.488403 -231.847839
-571.055603 317.882202 -250.692139
-549.819641 339.623779 -268.987488
-527.022278 360.644409 -286.676270
-502.694977 380.873657 -303.699097
-476.876404 400.239624 -319.995483
-449.613464 418.670044 -335.504517
-420.961060 436.092163 -350.165161
-390.982635 452.434448 -363.917114
-359.750488 467.627319 -376.701904
-327.345276 481.603516 -388.462769
-293.855927 494.298950 -399.145874
-259.379639 505.653809 -408.700928
-224.021332 515.613403 -417.081909
-187.892700 524.128540 -424.247314
-151.112015 531.156128 -430.161011
-113.802544 536.660278 -434.792725
-76.092766 540.612793 -438.118774
-38.113831 542.992554 -440.121338
0.000000 543.787109 -440.789917
38.113831 542.992554 -440.121338
76.092590 540.612793 -438.118774
113.802711 536.660278 -434.792725
151.112015 531.156128 -430.161011
187.892700 524.128540 -424.247314
224.021240 515.613403 -417.081909
259.379639 505.653809 -408.700928
293.856018 494.298950 -399.145874
327.345276 481.603516 -388.462769
359.750488 467.627319 -376.701904
390.982605 452.434570 -363.917236
420.961060 436.092163 -350.165161
449.613556 418.670044 -335.504517
476.876404 400.239624 -319.995483
502.694916 380.873657 -303.699097
527.022339 360.644409 -286.676270
549.819580 339.623779 -268.987488
571.055603 317.882202 -250.692078
590.705750 295.488403 -231.847839
608.752075 272.508057 -212.510010
625.181641 249.003784 -192.731262
639.986389 225.034058 -172.560852
653.162354 200.652893 -152.044250
664.707764 175.909790 -131.223083
674.622620 150.847839 -110.133545
682.907104 125.504333 -88.807129
689.560181 99.908997 -67.268799
694.577637 74.083557 -45.536804
697.950073 48.040283 -23.621521
699.659546 21.780151 -1.523743
-698.550903 45.016724 -0.428040
-696.049927 71.025635 -21.678833
-691.951904 96.822327 -42.756226
-686.269775 122.400696 -63.655273
-679.010010 147.744629 -84.362732
-670.175110 172.829712 -104.858704
-659.765564 197.624023 -125.117126
-647.781067 222.089478 -145.106812
-634.222351 246.182251 -164.792053
-619.091736 269.853271 -184.132568
-602.394531 293.048828 -203.084717
-584.139893 315.711182 -221.601196
-564.341614 337.779541 -239.632324
-543.018799 359.189575 -257.125549
-520.196533 379.875122 -274.026855
-495.906647 399.767700 -290.280273
-470.187775 418.798218 -305.829346
-443.086456 436.897339 -320.617371
-414.656586 453.995117 -334.587280
-384.960236 470.023438 -347.683350
-354.067535 484.915894 -359.851318
-322.056549 498.608154 -371.038696
-289.012909 511.039429 -381.195801
-255.030045 522.153320 -390.276489
-220.208221 531.897461 -398.238037
-184.654266 540.225586 -405.042603
-148.480835 547.096558 -410.656616
-111.805328 552.477173 -415.052856
-74.749825 556.339844 -418.208862
-37.438908 558.665405 -420.109009
0.000000 559.441895 -420.743408
37.438908 558.665405 -420.109009
74.749649 556.339844 -418.208862
111.805496 552.477173 -415.052856
148.480835 547.096558 -410.656616
184.654266 540.225586 -405.042603
220.208130 531.897461 -398.238037
255.030045 522.153320 -390.276489
289.013000 511.039429 -381.195801
322.056549 498.608154 -371.038696
354.067535 484.915894 -359.851318
384.960175 470.023438 -347.683350
414.656586 453.995117 -334.587280
443.086456 436.897095 -320.617188
470.187775 418.798218 -305.829346
495.906586 399.767700 -290.280273
520.196594 379.875122 -274.026855
543.018738 359.189575 -257.125549
564.341675 337.779541 -239.632324
584.139893 315.711182 -221.601196
602.394592 293.048706 -203.084656
619.091736 269.853271 -184.132568
634.222290 246.182251 -164.792053
647.781067 222.089478 -145.106812
659.765564 197.624023 -125.117126
670.175110 172.829651 -104.858643
679.010010 147.744629 -84.362732
686.269775 122.400818 -63.655334
691.951904 96.822327 -42.756226
696.049927 71.025513 -21.678711
698.550903 45.016724 -0.428040
-696.754150 67.318848 1.347839
-693.523010 93.065613 -19.095154
-688.755066 118.601746 -39.370850
-682.459656 143.916748 -59.471008
-674.641113 168.991516 -79.380371
-665.300964 193.799194 -99.077698
-654.439453 218.307007 -118.536926
-642.056641 242.475830 -137.726990
-628.153748 266.261475 -156.612854
-612.734192 289.615479 -175.156006
-595.804321 312.484985 -193.314331
-577.374268 334.812988 -211.042847
-557.458862 356.540527 -228.294495
-536.078186 377.605103 -245.019775
-513.257568 397.942383 -261.167603
-489.029419 417.486572 -276.685791
-463.432312 436.171631 -291.521667
-436.511963 453.930054 -305.621887
-408.321564 470.695801 -318.933899
-378.921631 486.403564 -331.405945
-348.380127 500.989868 -342.987427
-316.772491 514.393555 -353.630005
-284.181366 526.557495 -363.288208
-250.696152 537.427124 -371.918701
-216.413040 546.953735 -379.482788
-181.433914 555.092773 -385.945190
-145.866318 561.806274 -391.275757
-109.821869 567.062012 -395.448853
-73.416672 570.834473 -398.444214
-36.769066 573.105591 -400.247437
0.000000 573.863647 -400.849365
36.769066 573.105591 -400.247437
73.416504 570.834473 -398.444214
109.822014 567.061890 -395.448730
145.866318 561.806274 -391.275757
181.433914 555.092773 -385.945190
216.412949 546.953735 -379.482788
250.696152 537.427124 -371.918701
284.181458 526.557495 -363.288208
316.772491 514.393555 -353.630005
348.380127 500.989868 -342.987427
378.921600 486.403687 -331.406006
408.321564 470.695801 -318.933899
436.512054 453.930054 -305.621887
463.432312 436.171631 -291.521667
489.029358 417.486572 -276.685791
513.257629 397.942261 -261.167542
536.078125 377.605103 -245.019775
557.458923 356.540527 -228.294495
577.374329 334.813110 -211.042969
595.804321 312.484741 -193.314209
612.734192 289.615479 -175.156006
628.153687 266.261597 -156.612976
642.056641 242.475830 -137.726990
654.439453 218.307007 -118.536926
665.301025 193.799194 -99.077698
674.641113 168.991516 -79.380371
682.459595 143.916748 -59.471008
688.755066 118.601746 -39.370850
693.523010 93.065491 -19.095032
696.754150 67.318848 1.347839
-694.345886 88.712036 3.728088
-690.440063 114.185791 -15.942993
-685.053040 139.447754 -35.450500
-678.191528 164.484070 -54.783813
-669.858582 189.273193 -73.926208
-660.055237 213.787048 -92.856018
-648.781494 237.991211 -111.546753
-636.038208 261.846680 -129.968140
-621.827271 285.309326 -148.086182
-606.152954 308.330688 -165.863525
-589.022766 330.859253 -183.260315
-570.447937 352.839478 -200.233643
-550.443970 374.213501 -216.738892
-529.031677 394.921021 -232.729370
-506.237122 414.899902 -248.157288
-482.092743 434.087036 -262.973755
-456.636871 452.418213 -277.129333
-429.914764 469.829712 -290.574585
-401.978424 486.257690 -303.260437
-372.886902 501.640137 -315.138977
-342.706116 515.916626 -326.163391
-311.508972 529.029053 -336.288940
-279.374908 540.922974 -345.473511
-246.389832 551.547119 -353.677612
-212.645691 560.854858 -360.865112
-178.239914 568.804688 -367.004028
-143.274887 575.359863 -372.066040
-107.856964 580.490967 -376.028320
-72.096489 584.173096 -378.871704
-36.105885 586.389526 -380.583252
0.000000 587.129517 -381.154663
36.105885 586.389526 -380.583252
72.096321 584.173096 -378.871704
107.857117 580.490845 -376.028198
143.274887 575.359863 -372.066040
178.239914 568.804688 -367.004028
212.645615 560.854858 -360.865112
246.389832 551.547119 -353.677612
279.375000 540.922974 -345.473511
311.508972 529.029053 -336.288940
342.706116 515.916626 -326.163391
372.886841 501.640137 -315.138977
401.978424 486.257690 -303.260437
429.914764 469.829468 -290.574402
456.636871 452.418213 -277.129333
482.092682 434.087036 -262.973755
506.237183 414.899902 -248.157288
529.031616 394.921021 -232.729370
550.444031 374.213501 -216.738892
570.447876 352.839478 -200.233643
589.022827 330.859131 -183.260254
606.152954 308.330688 -165.863525
621.827209 285.309326 -148.086243
636.038208 261.846680 -129.968140
648.781494 237.991211 -111.546753
660.055237 213.786926 -92.855957
669.858582 189.273193 -73.926208
678.191528 164.484192 -54.783875
685.053040 139.447754 -35.450500
690.440125 114.185730 -15.942932
694.345886 88.712036 3.728088
-691.394592 109.221863 6.645081
-686.864319 134.411499 -12.286987
-680.904907 159.386475 -31.057739
-673.520996 184.130188 -49.654663
-664.714905 208.619202 -68.060181
-654.487244 232.824097 -86.252136
-642.838562 256.710083 -104.204407
-629.770020 280.237549 -121.887268
-615.284607 303.363281 -139.268127
-599.387451 326.039307 -156.310974
-582.087036 348.214722 -172.977661
-563.395447 369.835693 -189.227600
-543.329102 390.846191 -205.018738
-521.909485 411.187622 -220.307007
-499.162994 430.800415 -235.047546
-475.122040 449.623169 -249.194458
-449.824860 467.595215 -262.701904
-423.316010 484.655029 -275.523743
-395.646301 500.741699 -287.614197
-366.873260 515.796143 -298.928833
-337.060852 529.760864 -309.424500
-306.279388 542.580811 -319.059753
-274.605286 554.203979 -327.795471
-242.121048 564.582153 -335.595581
-208.914612 573.671143 -342.426636
-175.079056 581.431763 -348.259399
-140.711975 587.829346 -353.067749
-105.914597 592.835693 -356.830444
-70.791901 596.428101 -359.530396
-35.450672 598.590210 -361.155396
0.000000 599.312012 -361.697876
35.450672 598.590210 -361.155396
70.791733 596.428101 -359.530396
105.914749 592.835693 -356.830444
140.711975 587.829346 -353.067749
175.079056 581.431763 -348.259399
208.914536 573.671143 -342.426636
242.121048 564.582153 -335.595581
274.605377 554.203979 -327.795471
306.279388 542.580811 -319.059753
337.060852 529.760864 -309.424500
366.873199 515.796143 -298.928833
395.646301 500.741699 -287.614197
423.316040 484.654907 -275.523621
449.824860 467.595215 -262.701904
475.122040 449.623413 -249.194580
499.163055 430.800415 -235.047546
521.909485 411.187744 -220.307068
543.329163 390.846191 -205.018738
563.395386 369.835693 -189.227600
582.087097 348.214600 -172.977600
599.387451 326.039307 -156.310974
615.284485 303.363281 -139.268127
629.770020 280.237549 -121.887268
642.838562 256.710083 -104.204407
654.487244 232.823975 -86.252075
664.714905 208.619202 -68.060181
673.520996 184.130249 -49.654724
680.904907 159.386475 -31.057739
686.864319 134.411377 -12.286865
691.394592 109.221863 6.645081
-687.961365 128.873779 10.038391
-682.852905 153.768860 -8.185486
-676.364014 178.444946 -26.249084
-668.498352 202.883606 -44.138855
-659.257385 227.059570 -61.836304
-648.641907 250.942505 -79.319275
-636.652893 274.497559 -96.562256
-623.292114 297.685059 -113.536133
-608.563477 320.462036 -130.209534
-592.473083 342.781616 -146.548157
-575.030212 364.594116 -162.515503
-556.247986 385.847290 -178.073364
-536.143372 406.486206 -193.181702
-514.738403 426.454956 -207.799316
-492.059845 445.695557 -221.883972
-468.140137 464.149780 -235.393005
-443.016998 481.758789 -248.283264
-416.734283 498.463745 -260.511780
-389.341888 514.207153 -272.036438
-360.895630 528.932495 -282.815796
-331.457428 542.584839 -292.809692
-301.095215 555.112305 -301.980103
-269.882477 566.465332 -310.290833
-237.898285 576.598267 -317.708435
-205.226913 585.469604 -324.202515
-171.957108 593.041748 -329.745544
-138.182068 599.282715 -334.314087
-103.998093 604.165283 -337.888306
-69.505089 607.668579 -340.452759
-34.804512 609.776733 -341.995972
0.000000 610.480225 -342.510986
34.804512 609.776733 -341.995972
69.504929 607.668579 -340.452759
103.998245 604.165283 -337.888306
138.182068 599.282715 -334.314087
171.957108 593.041748 -329.745544
205.226837 585.469604 -324.202515
237.898285 576.598267 -317.708435
269.882568 566.465332 -310.290833
301.095215 555.112305 -301.980103
331.457428 542.584839 -292.809692
360.895569 528.932495 -282.815796
389.341888 514.207153 -272.036438
416.734375 498.463745 -260.511780
443.016998 481.758789 -248.283264
468.140076 464.149780 -235.393005
492.059875 445.695557 -221.883972
514.738342 426.454956 -207.799316
536.143372 406.486206 -193.181641
556.247925 385.847290 -178.073364
575.030273 364.594116 -162.515442
592.473083 342.781616 -146.548157
608.563477 320.462158 -130.209656
623.292114 297.685059 -113.536133
636.652893 274.497559 -96.562256
648.641907 250.942505 -79.319275
659.257385 227.059570 -61.836304
668.498291 202.883606 -44.138855
676.364014 178.444946 -26.249084
682.852966 153.768799 -8.185425
687.961365 128.873779 10.038391
-678.457458 172.284180 -3.691345
-671.479126 196.650879 -21.076172
-663.169189 220.772949 -38.286438
-653.529175 244.624390 -55.303650
-642.559937 268.174438 -72.105774
-630.262878 291.387695 -88.667603
-616.640686 314.224976 -104.961243
-601.697998 336.643921 -120.956360
-585.441772 358.598389 -136.620178
-567.882263 380.040405 -151.918274
-549.033203 400.918579 -166.814148
-528.912354 421.180298 -181.270203
-507.542145 440.771240 -195.247681
-484.949493 459.636108 -208.707092
-461.166718 477.718628 -221.608337
-436.231201 494.962646 -233.911377
-410.185974 511.312012 -245.576050
-383.079803 526.711670 -256.563232
-354.966888 541.108032 -266.834534
-325.907257 554.448975 -276.352783
-295.966370 566.684814 -285.082703
-265.214905 577.769287 -292.991028
-233.728760 587.658813 -300.046875
-201.588486 596.313843 -306.221985
-168.878967 603.699585 -311.491394
-135.688950 609.785034 -315.833191
-102.110275 614.545532 -319.229614
-68.237892 617.960083 -321.665771
-34.168308 620.014771 -323.131775
0.000000 620.700684 -323.621155
34.168308 620.014771 -323.131775
68.237732 617.960083 -321.665771
102.110420 614.545410 -319.229553
135.688950 609.785034 -315.833191
168.878967 603.699585 -311.491394
201.588425 596.313843 -306.221985
233.728760 587.658813 -300.046875
265.214996 577.769287 -292.991028
295.966370 566.684814 -285.082703
325.907257 554.448975 -276.352783
354.966827 541.108032 -266.834534
383.079803 526.711670 -256.563232
410.186035 511.311890 -245.575989
436.231201 494.962646 -233.911377
461.166656 477.718628 -221.608337
484.949524 459.636108 -208.707092
507.542114 440.771240 -195.247681
528.912415 421.180298 -181.270203
549.033203 400.918579 -166.814148
567.882263 380.040161 -151.918152
585.441772 358.598389 -136.620178
601.697998 336.644043 -120.956482
616.640686 314.224976 -104.961243
630.262878 291.387695 -88.667603
642.559937 268.174316 -72.105713
653.529175 244.624390 -55.303650
663.169250 220.773071 -38.286499
671.479126 196.650879 -21.076172
678.457520 172.284058 -3.691284
-673.724365 189.984070 1.148010
-666.293762 214.031921 -15.585022
-657.574829 237.827881 -32.142761
-647.569092 261.345215 -48.506592
-636.277832 284.552734 -64.654907
-623.703003 307.415283 -80.563110
-609.848022 329.893921 -96.204285
-594.718323 351.947021 -111.549316
-578.321777 373.529907 -126.567078
-560.669373 394.595215 -141.224792
-541.775635 415.093628 -155.488037
-521.658691 434.974243 -169.321350
-500.341400 454.184448 -182.688232
-477.850769 472.671265 -195.551758
-454.218964 490.380859 -207.874451
-429.482910 507.259399 -219.618896
-403.684814 523.253296 -230.747803
-376.872223 538.310303 -241.224792
-349.097839 552.379028 -251.014160
-320.419708 565.410278 -260.081543
-290.900970 577.357056 -268.394348
-260.609558 588.175049 -275.921753
-229.618271 597.823364 -282.635315
-198.004211 606.264771 -288.508972
-165.848434 613.465820 -293.519653
-133.235672 619.398193 -297.647522
-100.253296 624.037598 -300.875732
-66.991753 627.365234 -303.191101
-33.542786 629.367310 -304.584229
0.000000 630.035645 -305.049255
33.542786 629.367310 -304.584229
66.991608 627.365356 -303.191223
100.253441 624.037598 -300.875732
133.235672 619.398193 -297.647522
165.848434 613.465820 -293.519653
198.004135 606.264771 -288.508972
229.618271 597.823364 -282.635315
260.609650 588.175049 -275.921753
290.900970 577.357056 -268.394348
320.419708 565.410278 -260.081543
349.097778 552.379028 -251.014160
376.872223 538.310303 -241.224792
403.684875 523.253174 -230.747742
429.482910 507.259399 -219.618896
454.218933 490.380859 -207.874451
477.850800 472.671265 -195.551758
500.341339 454.184448 -182.688232
521.658752 434.974243 -169.321350
541.775574 415.093628 -155.488037
560.669434 394.595093 -141.224731
578.321777 373.529907 -126.567078
594.718323 351.947266 -111.549438
609.848022 329.893921 -96.204285
623.703003 307.415283 -80.563110
636.277832 284.552612 -64.654846
647.569092 261.345215 -48.506592
657.574890 237.828003 -32.142822
666.293762 214.031921 -15.585022
673.724487 189.984070 1.148010
-668.696228 206.895447 6.289063
-660.847839 230.616089 -9.817932
-651.752686 254.077515 -25.748901
-641.412476 277.252563 -41.485413
-629.828857 300.109863 -57.006165
-617.004517 322.614258 -72.287354
-602.943542 344.727905 -87.303101
-587.652039 366.409424 -102.025513
-571.138733 387.615356 -116.424927
-553.415405 408.299927 -130.470337
-534.497070 428.415283 -144.129211
-514.402466 447.912231 -157.368225
-493.154572 466.740356 -170.153076
-470.780426 484.848511 -182.449036
-447.312042 502.185303 -194.221191
-422.785736 518.699341 -205.434692
-397.242920 534.339355 -216.054749
-370.729858 549.055542 -226.047424
-343.297821 562.799194 -235.379822
-315.002869 575.523560 -244.020020
-285.905914 587.184082 -251.937805
-256.072266 597.738770 -259.104797
-225.571747 607.149170 -265.494690
-194.478104 615.379639 -271.083435
-162.868820 622.399170 -275.849854
-130.824707 628.180420 -279.775513
-98.429008 632.700928 -282.845032
-65.767868 635.942627 -285.046265
-32.928520 637.892944 -286.370605
0.000000 638.543945 -286.812683
32.928520 637.892944 -286.370605
65.767723 635.942749 -285.046387
98.429153 632.700928 -282.845032
130.824707 628.180420 -279.775513
162.868820 622.399170 -275.849854
194.478027 615.379639 -271.083435
225.571747 607.149170 -265.494690
256.072357 597.738770 -259.104797
285.905914 587.184082 -251.937805
315.002869 575.523560 -244.020020
343.297760 562.799194 -235.379822
370.729858 549.055542 -226.047424
397.242950 534.339233 -216.054626
422.785736 518.699341 -205.434692
447.311981 502.185303 -194.221191
470.780487 484.848511 -182.449036
493.154510 466.740356 -170.153076
514.402527 447.912231 -157.368225
534.497009 428.415283 -144.129211
553.415527 408.299927 -130.470337
571.138733 387.615356 -116.424927
587.651978 366.409546 -102.025574
602.943542 344.727905 -87.303101
617.004517 322.614258 -72.287354
629.828857 300.109741 -57.006104
641.412476 277.252563 -41.485413
651.752686 254.077637 -25.748962
660.847839 230.616089 -9.817932
668.696350 206.895447 6.289063
-655.177063 246.431396 -3.812744
-645.736450 269.551392 -19.141968
-635.091003 292.377441 -34.276245
-623.242859 314.878174 -49.194824
-610.195251 337.019043 -63.874817
-595.953125 358.762329 -78.291199
-580.523254 380.067993 -92.417480
-563.915161 400.893799 -106.225525
-546.141113 421.194946 -119.685791
-527.216736 440.925415 -132.767639
-507.161133 460.037842 -145.439697
-485.997498 478.483765 -157.669800
-463.752777 496.213989 -169.425415
-440.458710 513.179321 -180.673950
-416.151001 529.330688 -191.382751
-390.870239 544.619385 -201.519592
-364.661499 558.997925 -211.052917
-337.574432 572.419922 -219.952087
-309.663300 584.840942 -228.187561
-280.986816 596.218872 -235.731445
-251.607742 606.514160 -242.557495
-221.593018 615.689941 -248.641296
-191.013275 623.712891 -253.960754
-159.942535 630.553711 -258.496338
-128.457932 636.186646 -262.231140
-96.638779 640.590210 -265.150879
-64.567116 643.747803 -267.244446
-32.325958 645.647461 -268.503906
0.000000 646.281372 -268.924255
32.325958 645.647461 -268.503906
64.566978 643.748047 -267.244568
96.638924 640.590210 -265.150879
128.457932 636.186646 -262.231140
159.942535 630.553711 -258.496338
191.013214 623.712891 -253.960754
221.593018 615.689941 -248.641296
251.607834 606.514160 -242.557495
280.986816 596.218872 -235.731445
309.663300 584.840942 -228.187561
337.574371 572.419922 -219.952087
364.661499 558.997925 -211.052917
390.870331 544.619385 -201.519592
416.151001 529.330688 -191.382751
440.458679 513.179321 -180.673950
463.752838 496.213989 -169.425415
485.997437 478.483765 -157.669800
507.161163 460.037842 -145.439636
527.216675 440.925415 -132.767639
546.141113 421.194824 -119.685669
563.915161 400.893799 -106.225525
580.523193 380.068115 -92.417542
595.953125 358.762329 -78.291199
610.195251 337.019043 -63.874817
623.242859 314.878174 -49.194824
635.091003 292.377441 -34.276245
645.736450 269.551392 -19.141968
655.177063 246.431396 -3.812744
-649.314270 261.505859 2.395752
-639.557007 284.278687 -12.355713
-628.633545 306.750366 -26.911987
-616.546753 328.889648 -41.252991
-603.300598 350.662598 -55.356689
-588.900452 372.031982 -69.199036
-573.354004 392.959229 -82.754883
-556.671265 413.402710 -95.997437
-538.865112 433.319336 -108.898682
-519.951660 452.664551 -121.429810
-499.950287 471.392944 -133.561340
-478.884216 489.457520 -145.262939
-456.780457 506.811646 -156.504333
-433.670258 523.408081 -167.254883
-409.588745 539.199951 -177.484253
-384.575592 554.140747 -187.162354
-358.674683 568.185425 -196.259949
-331.934204 581.289795 -204.748535
-304.406555 593.411987 -212.600769
-276.148315 604.511597 -219.790710
-247.219833 614.551514 -226.294189
-217.685287 623.496826 -232.088623
-187.612305 631.316040 -237.153625
-157.071625 637.981323 -241.471191
-126.136887 643.468750 -245.025757
-94.883690 647.757935 -247.804077
-63.390202 650.833008 -249.796021
-31.735437 652.682739 -250.994202
0.000000 653.300171 -251.394165
31.735437 652.682739 -250.994202
63.390064 650.833252 -249.796143
94.883835 647.757935 -247.804077
126.136887 643.468750 -245.025757
157.071625 637.981323 -241.471191
187.612228 631.316040 -237.153625
217.685287 623.496826 -232.088623
247.219925 614.551514 -226.294189
276.148315 604.511597 -219.790710
304.406555 593.411987 -212.600769
331.934143 581.289795 -204.748535
358.674683 568.185425 -196.259949
384.575653 554.140747 -187.162354
409.588745 539.199951 -177.484253
433.670197 523.408081 -167.254883
456.780518 506.811646 -156.504333
478.884186 489.457520 -145.262939
499.950287 471.392822 -133.561279
519.951599 452.664551 -121.429810
538.865112 433.319092 -108.898560
556.671265 413.402710 -95.997437
573.353943 392.959229 -82.754944
588.900452 372.031982 -69.199036
603.300598 350.662598 -55.356689
616.546814 328.889648 -41.252991
628.633545 306.750366 -26.911987
639.556946 284.278687 -12.355713
649.314270 261.505859 2.395752
-643.288757 275.866821 8.776611
-633.241577 298.288086 -5.420166
-622.065796 320.401245 -19.421936
-609.764648 342.175537 -33.209106
-596.342834 363.577637 -46.760620
-581.806274 384.571045 -60.053345
-566.163391 405.118286 -73.063538
-549.424683 425.178711 -85.765503
-531.603516 444.710815 -98.132935
-512.716431 463.671631 -110.138672
-492.783051 482.017334 -121.754883
-471.826660 499.703003 -132.953247
-449.873962 516.683838 -143.705200
-426.955933 532.914795 -153.982422
-403.107025 548.350830 -163.756348
-378.365967 562.948120 -172.999084
-352.775482 576.663330 -181.683411
-326.382263 589.454956 -189.782898
-299.236908 601.282837 -197.272095
-271.393951 612.109009 -204.127075
-242.911392 621.898071 -210.325378
-213.850830 630.617432 -215.846313
-184.276978 638.236938 -220.670898
-154.257462 644.730469 -224.782532
-123.862579 650.075317 -228.166809
-93.164467 654.252441 -230.811707
-62.237583 657.246948 -232.707764
-31.157179 659.047974 -233.848145
0.000000 659.649048 -234.228760
31.157179 659.047974 -233.848145
62.237442 657.247070 -232.707825
93.164604 654.252441 -230.811707
123.862579 650.075317 -228.166809
154.257462 644.730469 -224.782532
184.276901 638.236938 -220.670898
213.850830 630.617432 -215.846313
242.911469 621.898071 -210.325378
271.393951 612.109009 -204.127075
299.236908 601.282837 -197.272095
326.382202 589.454956 -189.782898
352.775482 576.663330 -181.683411
378.366028 562.948120 -172.999084
403.107025 548.350830 -163.756348
426.955902 532.914795 -153.982422
449.873993 516.683838 -143.705200
471.826630 499.703003 -132.953247
492.783081 482.017212 -121.754822
512.716431 463.671631 -110.138672
531.603577 444.710693 -98.132874
549.424683 425.178711 -85.765503
566.163269 405.118286 -73.063538
581.806274 384.571045 -60.053345
596.342834 363.577637 -46.760620
609.764709 342.175537 -33.209106
622.065796 320.401245 -19.421936
633.241516 298.288086 -5.420166
643.288757 275.866821 8.776611
-626.815491 311.608154 1.636902
-615.411316 333.359985 -11.832947
-602.918579 354.767090 -25.089294
-589.342407 375.796631 -38.111816
-574.689453 396.412964 -50.878479
-558.968689 416.579590 -63.366699
-542.191223 436.257446 -75.552185
-524.370728 455.406128 -87.409973
-505.524170 473.984253 -98.914490
-485.671265 491.949951 -110.039734
-464.835205 509.259766 -120.758850
-443.042603 525.870972 -131.045349
-420.323853 541.740479 -140.872498
-396.712860 556.825562 -150.213928
-372.247406 571.083984 -159.043518
-346.968964 584.475098 -167.335938
-320.922821 596.959106 -175.066650
-294.157837 608.497925 -182.212097
-266.726593 619.055908 -188.750122
-238.684753 628.599243 -194.659790
-210.091461 637.097168 -199.922119
-181.008682 644.521240 -204.519470
-151.501083 650.846802 -208.436584
-121.635796 656.052368 -211.660156
-91.481628 660.119995 -214.179016
-61.109581 663.035645 -215.984497
-30.591341 664.789063 -217.070374
0.000000 665.374268 -217.432739
30.591341 664.789063 -217.070374
61.109444 663.035645 -215.984558
91.481766 660.119995 -214.179016
121.635796 656.052368 -211.660156
151.501083 650.846802 -208.436584
181.008621 644.521240 -204.519470
210.091461 637.097168 -199.922119
238.684830 628.599243 -194.659790
266.726593 619.055908 -188.750122
294.157837 608.497925 -182.212097
320.922760 596.959106 -175.066650
346.968964 584.475098 -167.335938
372.247467 571.083984 -159.043518
396.712860 556.825562 -150.213928
420.323822 541.740479 -140.872498
443.042633 525.870972 -131.045349
464.835175 509.259766 -120.758850
485.671234 491.949707 -110.039612
505.524139 473.984253 -98.914490
524.370789 455.405884 -87.409851
542.191223 436.257446 -75.552185
558.968628 416.579590 -63.366699
574.689453 396.412964 -50.878479
589.342407 375.796631 -38.111816
602.918579 354.767090 -25.089294
615.411316 333.359985 -11.832947
626.815430 311.608154 1.636902
-620.301392 324.266846 8.790649
-608.691101 345.655518 -4.169067
-596.027954 366.694214 -16.916748
-582.317322 387.350342 -29.432556
-567.566711 407.589844 -41.695984
-551.785461 427.376953 -53.685242
-534.984924 446.673340 -65.377197
-517.179565 465.440674 -76.748596
-498.386353 483.639038 -87.775269
-478.625000 501.227661 -98.432495
-457.918884 518.165771 -108.695496
-436.294128 534.411621 -118.539124
-413.780884 549.924683 -127.938721
-390.412140 564.663940 -136.869385
-366.224823 578.589111 -145.306885
-341.259308 591.661621 -153.227722
-315.559296 603.843750 -160.609009
-289.172119 615.099243 -167.428894
-262.148376 625.394409 -173.666870
-234.541580 634.697266 -179.303589
-206.408463 642.978516 -184.321350
-177.808380 650.211670 -188.703979
-148.803162 656.373047 -192.437256
-119.456978 661.442627 -195.509033
-89.835480 665.403442 -197.908936
-60.006382 668.242188 -199.628967
-30.038004 669.949219 -200.663269
0.000000 670.518921 -201.008484
30.038004 669.949219 -200.663269
60.006248 668.242310 -199.629028
89.835609 665.403442 -197.908936
119.456978 661.442627 -195.509033
148.803162 656.373047 -192.437256
177.808304 650.211670 -188.703979
206.408463 642.978516 -184.321350
234.541656 634.697266 -179.303589
262.148376 625.394409 -173.666870
289.172119 615.099243 -167.428894
315.559265 603.843750 -160.609009
341.259308 591.661621 -153.227722
366.224884 578.588989 -145.306824
390.412140 564.663940 -136.869385
413.780823 549.924683 -127.938721
436.294189 534.411621 -118.539124
457.918823 518.165771 -108.695496
478.625031 501.227661 -98.432495
498.386292 483.639038 -87.775269
517.179626 465.440674 -76.748596
534.984924 446.673340 -65.377197
551.785339 427.376953 -53.685242
567.566711 407.589844 -41.695984
582.317322 387.350342 -29.432556
596.027893 366.694092 -16.916626
608.691101 345.655518 -4.169067
620.301331 324.266846 8.790649
-601.924011 357.316040 3.548340
-589.110046 377.985962 -8.711792
-575.283630 398.269287 -20.742676
-560.452515 418.132813 -32.524536
-544.626648 437.541626 -44.036743
-527.817749 456.458984 -55.257385
-510.040588 474.848022 -66.164673
-491.312317 492.670044 -76.735657
-471.652740 509.886108 -86.947205
-451.084991 526.456787 -96.775940
-429.634979 542.342529 -106.198425
-407.332367 557.504517 -115.191650
-384.209320 571.903320 -123.732178
-360.302002 585.501343 -131.797729
-335.649384 598.261108 -139.366028
-310.294067 610.147339 -146.416260
-284.281586 621.125488 -152.927856
-257.660675 631.163574 -158.881836
-230.482834 640.231201 -164.260254
-202.802475 648.301147 -169.046814
-174.676453 655.347656 -173.226440
-146.163956 661.349121 -176.786133
-117.326263 666.286133 -179.714478
-88.226067 670.142700 -182.001953
-58.927998 672.906494 -183.641296
-29.497175 674.568359 -184.627014
0.000000 675.123047 -184.955994
29.497175 674.568359 -184.627014
58.927868 672.906616 -183.641357
88.226196 670.142700 -182.001953
117.326263 666.286133 -179.714478
146.163956 661.349121 -176.786133
174.676376 655.347656 -173.226440
202.802475 648.301147 -169.046814
230.482910 640.231201 -164.260254
257.660675 631.163574 -158.881836
284.281586 621.125488 -152.927856
310.294037 610.147339 -146.416260
335.649384 598.261108 -139.366028
360.302002 585.501221 -131.797607
384.209320 571.903320 -123.732178
407.332306 557.504517 -115.191650
429.635040 542.342529 -106.198425
451.084961 526.456787 -96.775940
471.652802 509.886108 -86.947205
491.312286 492.670044 -76.735657
510.040680 474.848022 -66.164673
527.817749 456.458984 -55.257385
544.626526 437.541626 -44.036743
560.452515 418.132813 -32.524536
575.283630 398.269287 -20.742676
589.110046 377.985840 -8.711731
601.924011 357.316040 3.548340
-582.180847 388.671265 -0.493408
-568.255798 408.583008 -12.060059
-553.360168 428.072144 -23.381226
-537.504395 447.105347 -34.437500
-520.700623 465.647095 -45.208313
-502.963623 483.661255 -55.672668
-484.310760 501.110962 -65.809082
-464.762024 517.959229 -75.596191
-444.340118 534.167725 -85.011597
-423.070740 549.698853 -94.033569
-400.982941 564.515381 -102.640442
-378.108307 578.580200 -110.810608
-354.481995 591.857178 -118.523132
-330.141876 604.310791 -125.757385
-305.129089 615.907349 -132.493774
-279.487671 626.614258 -138.713318
-253.264542 636.401001 -144.398438
-226.509216 645.239136 -149.532471
-199.273911 653.102539 -154.100281
-171.613159 659.967529 -158.088135
-143.583527 665.812866 -161.483643
-115.243652 670.620850 -164.276550
-86.653381 674.376099 -166.457947
-57.874393 677.066772 -168.020996
-28.968828 678.684814 -168.960876
0.000000 679.224731 -169.274536
28.968828 678.684814 -168.960876
57.874264 677.066895 -168.021057
86.653503 674.376099 -166.457947
115.243652 670.620850 -164.276550
143.583527 665.812866 -161.483643
171.613098 659.967529 -158.088135
199.273911 653.102539 -154.100281
226.509293 645.239136 -149.532471
253.264542 636.401001 -144.398438
279.487671 626.614258 -138.713318
305.129059 615.907349 -132.493774
330.141876 604.310791 -125.757385
354.482056 591.857178 -118.523132
378.108307 578.580200 -110.810608
400.982880 564.515381 -102.640442
423.070801 549.698853 -94.033569
444.340057 534.167725 -85.011597
464.761993 517.959106 -75.596069
484.310699 501.110962 -65.809082
502.963623 483.661133 -55.672546
520.700623 465.647095 -45.208313
537.504272 447.105347 -34.437500
553.360168 428.072144 -23.381226
568.255798 408.583008 -12.060059
582.180908 388.671265 -0.493408
-575.253906 398.777222 7.722290
-561.246338 418.319458 -3.400085
-546.301147 437.437134 -14.280823
-530.428955 456.097656 -24.901367
-513.642456 474.267334 -35.242493
-495.956573 491.911011 -45.284302
-477.388763 508.993530 -55.006714
-457.958679 525.478638 -64.389160
-437.689209 541.330566 -73.411194
-416.605621 556.513428 -82.052429
-394.736176 570.990967 -90.292236
-372.112000 584.728271 -98.110779
-348.767059 597.690552 -105.488159
-324.738281 609.844360 -112.405457
-300.065430 621.157593 -118.844299
-274.791046 631.599487 -124.787292
-248.960327 641.141235 -130.217896
-222.620895 649.755737 -135.120789
-195.822815 657.418091 -139.481812
-168.618301 664.105591 -143.287964
-141.061676 669.799194 -146.528442
-113.208893 674.481445 -149.193298
-85.117165 678.137939 -151.274414
-56.845390 680.757690 -152.765442
-28.452864 682.332886 -153.661926
0.000000 682.858643 -153.961182
28.452864 682.332886 -153.661926
56.845268 680.757935 -152.765564
85.117287 678.137939 -151.274414
113.208893 674.481445 -149.193298
141.061676 669.799194 -146.528442
168.618240 664.105591 -143.287964
195.822815 657.418091 -139.481812
222.620956 649.755737 -135.120789
248.960327 641.141235 -130.217896
274.791046 631.599487 -124.787292
300.065369 621.157593 -118.844299
324.738281 609.844360 -112.405457
348.767120 597.690552 -105.488159
372.112000 584.728271 -98.110779
394.736145 570.990967 -90.292236
416.605682 556.513428 -82.052429
437.689178 541.330566 -73.411194
457.958740 525.478638 -64.389160
477.388702 508.993530 -55.006714
495.956665 491.911011 -45.284302
513.642456 474.267334 -35.242493
530.428894 456.097778 -24.901428
546.301147 437.437134 -14.280823
561.246338 418.319458 -3.400085
575.253906 398.777222 7.722290
-554.266418 427.505737 5.223328
-539.285400 446.255249 -5.236267
-523.409363 464.547119 -15.440552
-506.651459 482.348877 -25.371460
-489.026581 499.626953 -35.010193
-470.552307 516.347290 -44.337830
-451.248169 532.475342 -53.335022
-431.136902 547.976929 -61.982727
-410.243225 562.817383 -70.261658
-388.595001 576.962646 -78.152710
-366.222473 590.379028 -85.637146
-343.158752 603.033325 -92.696472
-319.439789 614.894287 -99.313232
-295.103851 625.930786 -105.470093
-270.192169 636.114258 -111.151062
-244.748154 645.416870 -116.340576
-218.817688 653.813232 -121.024597
-192.448792 661.279785 -125.189880
-165.691574 667.795044 -128.824463
-138.598007 673.340820 -131.918274
-111.221626 677.900757 -134.462097
-83.617119 681.461426 -136.448425
-55.840778 684.012329 -137.871460
-27.949177 685.545898 -138.726990
0.000000 686.057739 -139.012512
27.949177 685.545898 -138.726990
55.840652 684.012451 -137.871521
83.617249 681.461426 -136.448425
111.221626 677.900757 -134.462097
138.598007 673.340820 -131.918274
165.691513 667.795044 -128.824463
192.448792 661.279785 -125.189880
218.817749 653.813232 -121.024597
244.748154 645.416870 -116.340576
270.192169 636.114258 -111.151062
295.103790 625.930786 -105.470093
319.439789 614.894287 -99.313232
343.158844 603.033325 -92.696472
366.222473 590.379028 -85.637146
388.594971 576.962646 -78.152710
410.243286 562.817383 -70.261658
431.136841 547.976929 -61.982727
451.248230 532.475342 -53.335022
470.552246 516.347290 -44.337830
489.026672 499.626953 -35.010193
506.651459 482.348877 -25.371460
523.409363 464.547241 -15.440613
539.285400 446.255249 -5.236267
554.266418 427.505737 5.223328
-532.322083 454.553955 3.740723
-516.453796 472.481567 -6.065979
-499.734619 489.920166 -15.605164
-482.179749 506.837891 -24.859375
-463.806702 523.201904 -33.810730
-444.634918 538.979126 -42.441101
-424.686737 554.136597 -50.732483
-403.986511 568.641357 -58.666748
-382.561676 582.461060 -66.226318
-360.441498 595.563110 -73.393372
-337.658447 607.916748 -80.151001
-314.247070 619.491333 -86.482422
-290.244751 630.258301 -92.372131
-265.690979 640.189331 -97.804565
-240.627853 649.259277 -102.765930
-215.099243 657.443115 -107.242615
-189.151428 664.718994 -111.222656
-162.832443 671.066895 -114.695007
-136.191986 676.468994 -117.650085
-109.281380 680.910156 -120.079468
-82.152870 684.377563 -121.976135
-54.860275 686.861572 -123.334961
-27.457623 688.354858 -124.151794
0.000000 688.853027 -124.424316
27.457623 688.354858 -124.151794
54.860157 686.861816 -123.335083
82.152985 684.377563 -121.976135
109.281380 680.910156 -120.079468
136.191986 676.468994 -117.650085
162.832382 671.066895 -114.695007
189.151428 664.718994 -111.222656
215.099319 657.443115 -107.242615
240.627853 649.259277 -102.765930
265.690979 640.189331 -97.804565
290.244720 630.258301 -92.372131
314.247070 619.491333 -86.482422
337.658447 607.916504 -80.150879
360.441498 595.563110 -73.393372
382.561615 582.461060 -66.226318
403.986572 568.641357 -58.666748
424.686707 554.136597 -50.732483
444.634949 538.979126 -42.441101
463.806641 523.201904 -33.810730
482.179840 506.837891 -24.859375
499.734619 489.920166 -15.605164
516.453735 472.481567 -6.065979
532.322083 454.553955 3.740723
-509.568573 479.926514 3.213806
-492.897644 497.007568 -5.951599
-475.420898 513.570557 -14.838989
-457.155914 529.584106 -23.431580
-438.122070 545.016968 -31.712585
-418.341248 559.836914 -39.664734
-397.837402 574.012817 -47.271240
-376.637390 587.513672 -54.515564
-354.769867 600.308716 -61.381165
-332.266266 612.368530 -67.852234
-309.160248 623.663940 -73.913208
-285.487762 634.167847 -79.549377
-261.287048 643.853271 -84.746399
-236.598633 652.696289 -89.491394
-211.464767 660.673340 -93.771790
-185.929871 667.764038 -97.576538
-160.040024 673.949097 -100.895325
-133.842834 679.211548 -103.719055
-107.387451 683.537354 -106.040222
-80.723869 686.914429 -107.852295
-53.903507 689.333496 -109.150330
-26.978006 690.787720 -109.930603
0.000000 691.272705 -110.190857
26.978006 690.787720 -109.930603
53.903381 689.333496 -109.150330
80.723984 686.914429 -107.852295
107.387451 683.537354 -106.040222
133.842834 679.211548 -103.719055
160.039978 673.949097 -100.895325
185.929871 667.764038 -97.576538
211.464828 660.673340 -93.771790
236.598633 652.696289 -89.491394
261.287048 643.853271 -84.746399
285.487732 634.167847 -79.549377
309.160248 623.663940 -73.913208
332.266327 612.368530 -67.852234
354.769867 600.308716 -61.381165
376.637360 587.513672 -54.515564
397.837463 574.012817 -47.271240
418.341187 559.836914 -39.664734
438.122040 545.016724 -31.712463
457.155853 529.584106 -23.431580
475.420959 513.570435 -14.838928
492.897644 497.007568 -5.951599
509.568481 479.926514 3.213806
-486.145569 503.636475 3.582031
-468.754425 519.850952 -4.955566
-450.603607 535.520386 -13.206177
-431.712494 550.615112 -21.154175
-412.102631 565.104614 -28.783447
-391.797516 578.958496 -36.078125
-370.823456 592.147949 -43.022888
-349.208313 604.643311 -49.602173
-326.982666 616.416138 -55.801086
-304.179108 627.439209 -61.605164
-280.832520 637.686646 -67.000854
-256.979736 647.132935 -71.974731
-232.659866 655.755493 -76.514832
-207.913483 663.531616 -80.609314
-182.783295 670.442139 -84.247986
-157.313522 676.468872 -87.421326
-131.549820 681.596069 -90.120972
-105.539230 685.809814 -92.339722
-79.329582 689.098877 -94.071533
-52.970104 691.454956 -95.312073
-26.510136 692.870972 -96.057678
0.000000 693.343506 -96.306458
26.510136 692.870972 -96.057678
52.969982 691.455078 -95.312134
79.329697 689.098877 -94.071533
105.539230 685.809814 -92.339722
131.549820 681.596069 -90.120972
157.313461 676.468872 -87.421326
182.783295 670.442139 -84.247986
207.913544 663.531616 -80.609314
232.659866 655.755493 -76.514832
256.979736 647.132935 -71.974731
280.832458 637.686646 -67.000854
304.179108 627.439209 -61.605164
326.982697 616.416016 -55.801025
349.208313 604.643311 -49.602173
370.823395 592.147949 -43.022888
391.797577 578.958496 -36.078125
412.102600 565.104614 -28.783447
431.712555 550.615112 -21.154175
450.603577 535.520386 -13.206177
468.754425 519.850708 -4.955444
486.145569 503.636475 3.582031
-462.183563 525.703003 4.786133
-444.152405 541.035034 -3.138489
-425.408264 555.798584 -10.769287
-405.972351 569.964355 -18.091125
-385.867859 583.503906 -25.089294
-365.120178 596.388550 -31.748962
-343.756775 608.591309 -38.056152
-321.807190 620.084229 -43.996521
-299.303131 630.842285 -49.557007
-276.278229 640.839966 -54.724487
-252.768127 650.053833 -59.486816
-228.810379 658.461304 -63.832397
-204.444214 666.042480 -67.750854
-179.710556 672.777954 -71.232239
-154.651871 678.651001 -74.267822
-129.311951 683.646484 -76.849854
-103.735855 687.751709 -78.971680
-77.969398 690.955933 -80.627869
-52.059635 693.250610 -81.813904
-26.053801 694.629883 -82.526794
0.000000 695.090210 -82.764709
26.053801 694.629883 -82.526794
52.059517 693.250610 -81.813904
77.969513 690.955933 -80.627869
103.735855 687.751709 -78.971680
129.311951 683.646484 -76.849854
154.651825 678.651001 -74.267822
179.710556 672.777954 -71.232239
204.444275 666.042480 -67.750854
228.810379 658.461304 -63.832397
252.768127 650.053833 -59.486816
276.278168 640.839966 -54.724487
299.303131 630.842285 -49.557007
321.807251 620.084229 -43.996521
343.756775 608.591309 -38.056152
365.120117 596.388550 -31.748962
385.867920 583.503906 -25.089294
405.972321 569.964355 -18.091125
425.408295 555.798584 -10.769287
444.152374 541.035034 -3.138489
462.183594 525.702881 4.786194
-437.804504 546.151611 6.767944
-419.210968 560.590698 -0.560547
-399.951538 574.440063 -7.589661
-380.048859 587.672119 -14.305542
-359.527771 600.259521 -20.694214
-338.415039 612.176636 -26.742676
-316.739380 623.397217 -32.437622
-294.531464 633.896606 -37.766541
-271.823883 643.651489 -42.717590
-248.651031 652.638916 -47.279114
-225.049057 660.838013 -51.440491
-201.055771 668.229370 -55.191956
-176.710495 674.795166 -58.524353
-152.054001 680.519043 -61.429504
-127.128273 685.386841 -63.900146
-101.976532 689.386719 -65.930237
-76.642647 692.508423 -67.514648
-51.171661 694.743774 -68.649170
-25.608768 696.087280 -69.331055
0.000000 696.535645 -69.558655
25.608768 696.087280 -69.331055
51.171543 694.743774 -68.649170
76.642761 692.508423 -67.514648
101.976532 689.386719 -65.930237
127.128273 685.386841 -63.900146
152.053955 680.519043 -61.429504
176.710495 674.795166 -58.524353
201.055832 668.229370 -55.191956
225.049057 660.838013 -51.440491
248.651031 652.638916 -47.279114
271.823853 643.651489 -42.717590
294.531464 633.896606 -37.766541
316.739441 623.397217 -32.437622
338.415039 612.176636 -26.742676
359.527771 600.259766 -20.694336
380.048920 587.672119 -14.305542
399.951477 574.440063 -7.589661
419.210999 560.590698 -0.560547
437.804474 546.151611 6.767944
-394.040558 578.553833 2.720154
-374.340607 591.485596 -3.726990
-354.045929 603.783203 -9.858032
-333.182526 615.421997 -15.660522
-311.778351 626.377075 -21.122192
-289.863098 636.625000 -26.231323
-267.468262 646.143311 -30.976685
-244.627106 654.910767 -35.347717
-221.374512 662.907349 -39.334412
-197.746780 670.114502 -42.927551
-173.781784 676.515259 -46.118652
-149.518661 682.094482 -48.900208
-124.997719 686.838745 -51.265442
-100.260361 690.736328 -53.208618
-75.348633 693.777832 -54.724976
-50.305702 695.955811 -55.810791
-25.174801 697.264771 -56.463379
0.000000 697.701416 -56.681030
25.174801 697.264771 -56.463379
50.305584 695.955811 -55.810791
75.348747 693.777832 -54.724976
100.260361 690.736328 -53.208618
124.997719 686.838745 -51.265442
149.518616 682.094604 -48.900269
173.781784 676.515259 -46.118652
197.746857 670.114502 -42.927551
221.374512 662.907349 -39.334412
244.627106 654.910767 -35.347717
267.468201 646.143311 -30.976685
289.863098 636.625000 -26.231323
311.778412 626.377075 -21.122192
333.182526 615.421997 -15.660522
354.045898 603.783203 -9.858032
374.340637 591.485596 -3.726990
394.040588 578.554077 2.720032
-348.674133 606.980713 0.760620
-328.058411 618.348022 -4.807922
-306.923004 629.044556 -10.047852
-285.296722 639.047729 -14.948120
-263.209991 648.336304 -19.498291
-240.694992 656.890015 -23.688538
-217.785263 664.689819 -27.509399
-194.515854 671.718262 -30.952454
-170.923080 677.958984 -34.009583
-147.044647 683.397827 -36.673950
-122.919174 688.022095 -38.939209
-98.586418 691.820679 -40.800049
-74.086662 694.784668 -42.252014
-49.461269 696.906860 -43.291626
-24.751650 698.182373 -43.916443
0.000000 698.607666 -44.124817
24.751650 698.182373 -43.916443
49.461155 696.906860 -43.291626
74.086769 694.784668 -42.252014
98.586418 691.820679 -40.800049
122.919174 688.022095 -38.939209
147.044601 683.397949 -36.674011
170.923080 677.958984 -34.009583
194.515900 671.718140 -30.952393
217.785263 664.689819 -27.509399
240.694992 656.890015 -23.688538
263.209961 648.336304 -19.498291
285.296722 639.047729 -14.948120
306.923065 629.044556 -10.047852
328.058411 618.348022 -4.807922
348.674103 606.980713 0.760620
-302.172180 631.420044 0.788147
-280.831024 641.185181 -3.913696
-259.047638 650.250366 -8.278442
-236.853119 658.596313 -12.296936
-214.279816 666.205078 -15.960449
-191.361465 673.060059 -19.261047
-168.132996 679.145508 -22.191101
-144.630646 684.448242 -24.744324
-120.891541 688.956177 -26.914856
-96.953781 692.658813 -28.697632
-72.856010 695.547607 -30.088562
-48.637882 697.615967 -31.084412
-24.339067 698.858887 -31.682861
0.000000 699.273438 -31.882507
24.339067 698.858887 -31.682861
48.637768 697.615967 -31.084412
72.856117 695.547607 -30.088562
96.953781 692.658813 -28.697632
120.891541 688.956177 -26.914856
144.630615 684.448486 -24.744446
168.132996 679.145508 -22.191101
191.361496 673.059814 -19.260925
214.279816 666.205078 -15.960449
236.853119 658.596313 -12.296936
259.047607 650.250366 -8.278442
280.831024 641.185181 -3.913696
302.172241 631.420044 0.788147
-254.979523 651.903320 2.687439
-233.099808 660.047607 -1.167969
-210.856506 667.470947 -4.682068
-188.282013 674.157349 -7.847351
-165.410019 680.092407 -10.656921
-142.275345 685.263306 -13.104736
-118.913628 689.658447 -15.185364
-95.361458 693.268066 -16.894104
-71.655914 696.084106 -18.227173
-47.835018 698.100098 -19.181519
-23.936794 699.311523 -19.755005
0.000000 699.715576 -19.946289
23.936794 699.311523 -19.755005
47.834908 698.100098 -19.181519
71.656021 696.084106 -18.227173
95.361458 693.268066 -16.894104
118.913628 689.658447 -15.185364
142.275299 685.263428 -13.104797
165.410019 680.092407 -10.656921
188.282059 674.157227 -7.847290
210.856506 667.470947 -4.682068
233.099808 660.047607 -1.167969
254.979477 651.903320 2.687439
-162.752655 680.816406 0.599365
-139.977356 685.859375 -1.748413
-116.984245 690.145264 -3.743713
-93.808487 693.664795 -5.382263
-70.485634 696.410278 -6.660400
-47.052177 698.375732 -7.575439
-23.544577 699.556763 -8.125244
0.000000 699.950684 -8.308655
23.544577 699.556763 -8.125244
47.052067 698.375732 -7.575439
70.485733 696.410278 -6.660400
93.808487 693.664795 -5.382263
116.984245 690.145264 -3.743713
139.977310 685.859619 -1.748474
162.752655 680.816406 0.599365
ê≥ñ ã¬äp 0.00 ê≥ñ òÎäp 0.00 ç≈ëÂêÖïΩäpìx -1.#J
