ÇÍÇÒÇ∏ñ íÜêSà íu
10.000000 630.000000 60.000000
Ç’ÇÎÇ∂Ç•Ç≠ÇΩåXÇ´äp
190.000000 0.000000 0.000000
ëÊàÍîΩéÀãæà íu
0.000000 285.000000 110.000000
ëÊàÍîΩéÀãæäpìx
-60.000000 0.000000 0.000000
ì ñ ãæíÜêSà íu
-10.000000 590.000000 550.000000
ã»ó¶îºåa
259.000000
ì ñ ãæäpìx
-60.000000 0.000000 0.000000
Ç∑Ç≠ÇËÅ[ÇÒíÜêSà íu
0.000000 0.000000 0.000000
Ç∑Ç≠ÇËÅ[ÇÒåXÇ´äp
0.000000 0.000000 0.000000
óLå¯åãëúì_äÑçá
 1082 / 1353
-516.593628 524.268188 -144.131516
-507.519928 522.828735 -177.689713
-496.162048 521.479248 -210.671844
-482.563446 520.218140 -242.910828
-466.780060 519.043579 -274.244690
-448.879395 517.953674 -304.518097
-428.940094 516.946289 -333.582031
-407.050720 516.019409 -361.294495
-383.309601 515.170898 -387.521210
-357.824097 514.398743 -412.135681
-330.709381 513.701050 -435.020172
-302.088806 513.075867 -456.065247
-272.092377 512.521545 -475.170929
-240.856720 512.036377 -492.246643
-208.523972 511.618927 -507.211761
-175.241531 511.267944 -519.995667
-141.160767 510.982361 -530.538086
-106.437057 510.761169 -538.789551
-71.228531 510.603699 -544.711243
-35.695557 510.509460 -548.275391
0.000000 510.478088 -549.465271
35.695557 510.509460 -548.275391
71.228531 510.603699 -544.711243
106.437057 510.761169 -538.789551
141.160767 510.982361 -530.538086
175.241531 511.267944 -519.995667
208.523972 511.618927 -507.211761
240.856720 512.036377 -492.246643
272.092377 512.521545 -475.170929
302.088806 513.075867 -456.065247
330.709381 513.701050 -435.020172
357.824097 514.398743 -412.135681
383.309601 515.170898 -387.521210
407.050720 516.019409 -361.294495
428.940094 516.946289 -333.582031
448.879395 517.953674 -304.518097
466.780060 519.043579 -274.244690
482.563446 520.218140 -242.910828
496.162048 521.479248 -210.671844
507.519928 522.828735 -177.689713
516.593628 524.268188 -144.131516
-538.157288 496.481750 -162.458054
-528.545715 494.191742 -197.266190
-516.566772 492.022583 -231.457458
-502.268555 489.974609 -264.860748
-485.711395 488.047791 -297.310974
-466.967285 486.241943 -328.649231
-446.119141 484.556641 -358.723541
-423.259918 482.991394 -387.389130
-398.492065 481.545685 -414.509125
-371.927216 480.218750 -439.954681
-343.684937 479.010040 -463.605469
-313.892914 477.918823 -485.350189
-282.685333 476.944427 -505.087128
-250.203262 476.086243 -522.723816
-216.593063 475.343750 -538.178162
-182.006516 474.716400 -551.378296
-146.599472 474.203735 -562.262695
-110.531708 473.805359 -570.781250
-73.965721 473.521088 -576.894165
-37.066387 473.350555 -580.573242
0.000000 473.293793 -581.801514
37.066387 473.350555 -580.573242
73.965721 473.521088 -576.894165
110.531708 473.805359 -570.781250
146.599472 474.203735 -562.262695
182.006516 474.716400 -551.378296
216.593063 475.343750 -538.178162
250.203262 476.086243 -522.723816
282.685333 476.944427 -505.087128
313.892914 477.918823 -485.350189
343.684937 479.010040 -463.605469
371.927216 480.218750 -439.954681
398.492065 481.545685 -414.509125
423.259918 482.991394 -387.389130
446.119141 484.556641 -358.723541
466.967285 486.241943 -328.649231
485.711395 488.047791 -297.310974
502.268555 489.974609 -264.860748
516.566772 492.022583 -231.457458
528.545715 494.191742 -197.266190
538.157288 496.481750 -162.458054
-558.995117 466.856110 -179.080551
-548.864563 463.666077 -215.084869
-536.286194 460.630280 -250.433441
-521.312744 457.750671 -284.951508
-504.008545 455.029449 -318.470703
-484.449921 452.467987 -350.829010
-462.724030 450.067535 -381.871277
-438.927826 447.829224 -411.450287
-413.168091 445.753998 -439.426361
-385.560333 443.842560 -465.668365
-356.228607 442.095551 -490.053772
-325.304474 440.513428 -512.469482
-292.926300 439.096863 -532.811523
-259.239319 437.846100 -550.986145
-224.394318 436.761475 -566.909668
-188.547043 435.843384 -580.508850
-151.857773 435.091919 -591.721375
-114.490562 434.507141 -600.495972
-76.612167 434.089478 -606.792358
-38.391788 433.838715 -610.581726
0.000000 433.755157 -611.846741
38.391788 433.838715 -610.581726
76.612167 434.089478 -606.792358
114.490562 434.507141 -600.495972
151.857773 435.091919 -591.721375
188.547043 435.843384 -580.508850
224.394318 436.761475 -566.909668
259.239319 437.846100 -550.986145
292.926300 439.096863 -532.811523
325.304474 440.513428 -512.469482
356.228607 442.095551 -490.053772
385.560333 443.842560 -465.668365
413.168091 445.753998 -439.426361
438.927826 447.829224 -411.450287
462.724030 450.067535 -381.871277
484.449921 452.467987 -350.829010
504.008545 455.029449 -318.470703
521.312744 457.750671 -284.951508
536.286194 460.630280 -250.433441
548.864563 463.666077 -215.084869
558.995117 466.856110 -179.080551
-579.019104 435.507996 -193.828949
-568.393494 431.370422 -230.972794
-555.242493 427.422638 -267.424194
-539.622681 423.668732 -303.005157
-521.602783 420.112671 -337.543884
-501.263489 416.757294 -370.875000
-478.695251 413.605988 -402.841064
-453.999695 410.661194 -433.291656
-427.287262 407.925385 -462.084961
-398.677490 405.400787 -489.087341
-368.298462 403.089386 -514.174316
-336.285583 400.992859 -537.230652
-302.781647 399.112732 -558.150818
-267.935730 397.450592 -576.839172
-231.902588 396.007629 -593.210938
-194.842300 394.784760 -607.191467
-156.919067 393.783173 -618.717407
-118.301163 393.003235 -627.736572
-79.159576 392.445801 -634.208191
-39.667576 392.111176 -638.102844
0.000000 391.999664 -639.403015
39.667576 392.111176 -638.102844
79.159576 392.445801 -634.208191
118.301163 393.003235 -627.736572
156.919067 393.783173 -618.717407
194.842300 394.784760 -607.191467
231.902588 396.007629 -593.210938
267.935730 397.450592 -576.839172
302.781647 399.112732 -558.150818
336.285583 400.992859 -537.230652
368.298462 403.089386 -514.174316
398.677490 405.400787 -489.087341
427.287262 407.925385 -462.084961
453.999695 410.661194 -433.291656
478.695251 413.605988 -402.841064
501.263489 416.757294 -370.875000
521.602783 420.112671 -337.543884
539.622681 423.668732 -303.005157
555.242493 427.422638 -267.424194
568.393494 431.370422 -230.972794
579.019104 435.507996 -193.828949
-598.146179 402.568481 -206.542435
-587.054260 397.437714 -244.766418
-573.361694 392.534698 -282.263947
-557.129272 387.865326 -318.853333
-538.429688 383.435364 -354.359711
-517.347229 379.249756 -388.614777
-493.976746 375.313202 -421.458130
-468.423279 371.629944 -452.737030
-440.801270 368.204010 -482.307007
-411.234467 365.038910 -510.032196
-379.854523 362.137848 -535.786133
-346.800659 359.504120 -559.451599
-312.219757 357.140198 -580.921448
-276.264679 355.048615 -600.098572
-239.094193 353.231567 -616.896545
-200.872452 351.690735 -631.239929
-161.767548 350.427979 -643.064148
-121.951653 349.444611 -652.316040
-81.600014 348.741302 -658.954407
-40.889816 348.319092 -662.949341
0.000000 348.178406 -664.282898
40.889816 348.319092 -662.949341
81.600014 348.741302 -658.954407
121.951653 349.444611 -652.316040
161.767548 350.427979 -643.064148
200.872452 351.690735 -631.239929
239.094193 353.231567 -616.896545
276.264679 355.048615 -600.098572
312.219757 357.140198 -580.921448
346.800659 359.504120 -559.451599
379.854523 362.137848 -535.786133
411.234467 365.038910 -510.032196
440.801270 368.204010 -482.307007
468.423279 371.629944 -452.737030
493.976746 375.313202 -421.458130
517.347229 379.249756 -388.614777
538.429688 383.435364 -354.359711
557.129272 387.865326 -318.853333
573.361694 392.534698 -282.263947
587.054260 397.437714 -244.766418
598.146179 402.568481 -206.542435
-616.296692 368.182983 -217.070663
-604.771606 362.015198 -256.312897
-590.573181 356.115234 -294.797058
-573.765930 350.490967 -332.338287
-554.426453 345.150116 -368.758331
-532.642944 340.099030 -403.886322
-508.513947 335.344452 -437.558746
-482.148376 330.892029 -469.620514
-453.664337 326.747345 -499.924805
-423.189148 322.915466 -528.333740
-390.858429 319.400970 -554.718628
-356.815186 316.208099 -578.960571
-321.209930 313.340881 -600.950623
-284.199310 310.802704 -620.590332
-245.946228 308.596588 -637.791931
-206.618317 306.725250 -652.478699
-166.387726 305.191132 -664.585205
-125.430595 303.995789 -674.057678
-83.925812 303.141083 -680.853821
-42.054695 302.627686 -684.943726
0.000000 302.456635 -686.308899
42.054695 302.627686 -684.943726
83.925812 303.141083 -680.853821
125.430595 303.995789 -674.057678
166.387726 305.191132 -664.585205
206.618317 306.725250 -652.478699
245.946228 308.596588 -637.791931
284.199310 310.802704 -620.590332
321.209930 313.340881 -600.950623
356.815186 316.208099 -578.960571
390.858429 319.400970 -554.718628
423.189148 322.915466 -528.333740
453.664337 326.747345 -499.924805
482.148376 330.892029 -469.620514
508.513947 335.344452 -437.558746
532.642944 340.099030 -403.886322
554.426453 345.150116 -368.758331
573.765930 350.490967 -332.338287
590.573181 356.115234 -294.797058
604.771606 362.015198 -256.312897
616.296692 368.182983 -217.070663
-633.395020 332.509857 -225.273026
-621.474182 325.263031 -265.468964
-606.809509 318.326294 -304.877991
-589.469421 311.709351 -343.311890
-569.534241 305.421570 -380.589569
-547.095459 299.471680 -416.537292
-522.255920 293.867340 -450.988617
-495.127472 288.616486 -483.786438
-465.832397 283.725891 -514.781311
-434.501526 279.202148 -543.833191
-401.273895 275.051117 -570.811829
-366.296356 271.278564 -595.596252
-329.723022 267.889343 -618.076050
-291.714447 264.888000 -638.151245
-252.436951 262.278412 -655.732910
-212.061890 260.064545 -670.742981
-170.765335 258.249023 -683.115356
-128.727036 256.834412 -692.795349
-86.129753 255.822586 -699.740295
-43.158550 255.214874 -703.919495
0.000000 255.012207 -705.314697
43.158550 255.214874 -703.919495
86.129753 255.822586 -699.740295
128.727036 256.834412 -692.795349
170.765335 258.249023 -683.115356
212.061890 260.064545 -670.742981
252.436951 262.278412 -655.732910
291.714447 264.888000 -638.151245
329.723022 267.889343 -618.076050
366.296356 271.278564 -595.596252
401.273895 275.051117 -570.811829
434.501526 279.202148 -543.833191
465.832397 283.725891 -514.781311
495.127472 288.616486 -483.786438
522.255920 293.867340 -450.988617
547.095459 299.471680 -416.537292
569.534241 305.421570 -380.589569
589.469421 311.709351 -343.311890
606.809509 318.326294 -304.877991
621.474182 325.263031 -265.468964
633.395020 332.509857 -225.273026
-649.368042 295.720673 -231.020294
-637.093079 287.354462 -272.102600
-622.005981 279.342529 -312.372070
-604.178772 271.696564 -351.637573
-583.695496 264.427887 -389.714600
-560.651367 257.546722 -426.426727
-535.152344 251.062912 -461.605194
-507.314331 244.985443 -495.090179
-477.262939 239.322845 -526.730164
-445.132477 234.083237 -556.382996
-411.065460 229.273941 -583.916626
-375.212494 224.901596 -609.208374
-337.731018 220.972672 -632.146240
-298.785278 217.492432 -652.628784
-258.545013 214.466171 -670.565979
-217.185425 211.898026 -685.878784
-174.886139 209.791626 -698.500000
-131.830444 208.150131 -708.374390
-88.204803 206.976059 -715.458435
-44.197918 206.270798 -719.721436
0.000000 206.035736 -721.144409
44.197918 206.270798 -719.721436
88.204803 206.976059 -715.458435
131.830444 208.150131 -708.374390
174.886139 209.791626 -698.500000
217.185425 211.898026 -685.878784
258.545013 214.466171 -670.565979
298.785278 217.492432 -652.628784
337.731018 220.972672 -632.146240
375.212494 224.901596 -609.208374
411.065460 229.273941 -583.916626
445.132477 234.083237 -556.382996
477.262939 239.322845 -526.730164
507.314331 244.985443 -495.090179
535.152344 251.062912 -461.605194
560.651367 257.546722 -426.426727
583.695496 264.427887 -389.714600
604.178772 271.696564 -351.637573
622.005981 279.342529 -312.372070
637.093079 287.354462 -272.102600
649.368042 295.720673 -231.020294
-664.146301 257.998779 -234.192932
-651.562622 248.474350 -276.091736
-636.100586 239.350616 -317.155121
-617.835754 230.641052 -357.188599
-596.855896 222.358597 -396.004669
-573.259583 214.515442 -433.424225
-547.156250 207.123199 -469.276093
-518.665222 200.192429 -503.397827
-487.915649 193.732986 -535.635925
-455.045135 187.754669 -565.846375
-420.199677 182.266113 -593.895020
-383.533356 177.275330 -619.657654
-345.207062 172.789597 -643.020874
-305.388306 168.815704 -663.881897
-264.250519 165.359512 -682.149414
-221.972397 162.426163 -697.743530
-178.736847 160.020035 -710.596008
-134.730835 158.144913 -720.650940
-90.144295 156.803360 -727.864502
-45.169415 155.997818 -732.205139
0.000000 155.729111 -733.654114
45.169415 155.997818 -732.205139
90.144295 156.803360 -727.864502
134.730835 158.144913 -720.650940
178.736847 160.020035 -710.596008
221.972397 162.426163 -697.743530
264.250519 165.359512 -682.149414
305.388306 168.815704 -663.881897
345.207062 172.789597 -643.020874
383.533356 177.275330 -619.657654
420.199677 182.266113 -593.895020
455.045135 187.754669 -565.846375
487.915649 193.732986 -535.635925
518.665222 200.192429 -503.397827
547.156250 207.123199 -469.276093
573.259583 214.515442 -433.424225
596.855896 222.358597 -396.004669
617.835754 230.641052 -357.188599
636.100586 239.350616 -317.155121
651.562622 248.474350 -276.091736
664.146301 257.998779 -234.192932
-677.662109 219.539810 -234.683578
-664.818787 208.820145 -277.326843
-649.033081 198.549240 -319.114868
-630.383789 188.742661 -359.850677
-608.962280 179.415237 -399.343445
-584.870483 170.580780 -437.411407
-558.221313 162.252518 -473.880951
-529.137451 154.442612 -508.587311
-497.751068 147.163055 -541.375061
-464.203430 140.424179 -572.098083
-428.643921 134.236481 -600.620544
-391.229553 128.609253 -626.816650
-352.124939 123.550758 -650.571411
-311.500854 119.068939 -671.781067
-269.533875 115.170670 -690.352966
-226.406372 111.861679 -706.206116
-182.304413 109.147263 -719.271851
-137.418396 107.031769 -729.493225
-91.941658 105.518311 -736.826050
-46.069805 104.609337 -741.238525
0.000000 104.306236 -742.711365
46.069805 104.609337 -741.238525
91.941658 105.518311 -736.826050
137.418396 107.031769 -729.493225
182.304413 109.147263 -719.271851
226.406372 111.861679 -706.206116
269.533875 115.170670 -690.352966
311.500854 119.068939 -671.781067
352.124939 123.550758 -650.571411
391.229553 128.609253 -626.816650
428.643921 134.236481 -600.620544
464.203430 140.424179 -572.098083
497.751068 147.163055 -541.375061
529.137451 154.442612 -508.587311
558.221313 162.252518 -473.880951
584.870483 170.580780 -437.411407
608.962280 179.415237 -399.343445
630.383789 188.742661 -359.850677
649.033081 198.549240 -319.114868
664.818787 208.820145 -277.326843
677.662109 219.539810 -234.683578
-689.850281 180.550690 -232.396271
-676.800415 168.599854 -275.708771
-660.745667 157.148010 -318.150299
-641.768616 146.212708 -359.520325
-619.963928 135.810242 -399.625153
-595.436890 125.956352 -438.280579
-568.303467 116.666008 -475.310608
-538.690002 107.952766 -510.547974
-506.731689 99.830116 -543.835388
-472.573090 92.310265 -575.024780
-436.366608 85.404778 -603.978638
-398.273163 79.123703 -630.569519
-358.459900 73.477325 -654.681274
-317.100983 68.474174 -676.208679
-274.376648 64.121964 -695.058105
-230.471893 60.427589 -711.147827
-185.576492 57.396927 -724.408020
-139.883926 55.034721 -734.781372
-93.590813 53.344570 -742.223145
-46.896000 52.329800 -746.700928
0.000000 51.991154 -748.195801
46.896000 52.329800 -746.700928
93.590813 53.344570 -742.223145
139.883926 55.034721 -734.781372
185.576492 57.396927 -724.408020
230.471893 60.427589 -711.147827
274.376648 64.121964 -695.058105
317.100983 68.474174 -676.208679
358.459900 73.477325 -654.681274
398.273163 79.123703 -630.569519
436.366608 85.404778 -603.978638
472.573090 92.310265 -575.024780
506.731689 99.830116 -543.835388
538.690002 107.952766 -510.547974
568.303467 116.666008 -475.310608
595.436890 125.956352 -438.280579
619.963928 135.810242 -399.625153
641.768616 146.212708 -359.520325
660.745667 157.148010 -318.150299
676.800415 168.599854 -275.708771
689.850281 180.550690 -232.396271
-700.647766 141.249588 -227.247055
-687.447754 128.033371 -271.151398
-671.182312 115.368393 -314.172577
-651.937744 103.273445 -356.106415
-629.811462 91.767372 -396.757172
-604.912598 80.867111 -435.937195
-577.359985 70.589508 -473.468689
-547.283386 60.949795 -509.181671
-514.821045 51.962765 -542.917236
-480.120667 43.642078 -574.525452
-443.338104 36.000538 -603.866943
-404.636963 29.049906 -630.812988
-364.187836 22.800987 -655.245972
-322.168030 17.263672 -677.059631
-278.760620 12.446605 -696.159180
-234.154037 8.357530 -712.461975
-188.541061 5.002968 -725.897522
-142.118362 2.388148 -736.407959
-95.085663 0.517590 -743.947815
-47.645016 -0.606049 -748.484802
0.000000 -0.980896 -749.999329
47.645016 -0.606049 -748.484802
95.085663 0.517590 -743.947815
142.118362 2.388148 -736.407959
188.541061 5.002968 -725.897522
234.154037 8.357530 -712.461975
278.760620 12.446605 -696.159180
322.168030 17.263672 -677.059631
364.187836 22.800987 -655.245972
404.636963 29.049906 -630.812988
443.338104 36.000538 -603.866943
480.120667 43.642078 -574.525452
514.821045 51.962765 -542.917236
547.283386 60.949795 -509.181671
577.359985 70.589508 -473.468689
604.912598 80.867111 -435.937195
629.811462 91.767372 -396.757172
651.937744 103.273445 -356.106415
671.182312 115.368393 -314.172577
687.447754 128.033371 -271.151398
700.647766 141.249588 -227.247055
-709.992920 101.866127 -219.165054
-696.702820 87.351288 -263.581055
-680.288635 73.441544 -307.105377
-660.839783 60.157921 -349.530823
-638.457275 47.520466 -390.658539
-613.252991 35.548462 -430.298828
-585.349426 24.259840 -468.270721
-554.879211 13.671277 -504.402802
-521.983887 3.799486 -538.533569
-486.814270 -5.340784 -570.511475
-449.528961 -13.735196 -600.195801
-410.294739 -21.370928 -627.456360
-369.285461 -28.235966 -652.174011
-326.681305 -34.319298 -674.241394
-282.668488 -39.611706 -693.562866
-237.438232 -44.104244 -710.054810
-191.186554 -47.790058 -723.646179
-144.113037 -50.662918 -734.278381
-96.420502 -52.718327 -741.905579
-48.313938 -53.952946 -746.495056
0.000000 -54.364689 -748.027039
48.313938 -53.952946 -746.495056
96.420502 -52.718327 -741.905579
144.113037 -50.662918 -734.278381
191.186554 -47.790058 -723.646179
237.438232 -44.104244 -710.054810
282.668488 -39.611706 -693.562866
326.681305 -34.319298 -674.241394
369.285461 -28.235966 -652.174011
410.294739 -21.370928 -627.456360
449.528961 -13.735196 -600.195801
486.814270 -5.340784 -570.511475
521.983887 3.799486 -538.533569
554.879211 13.671277 -504.402802
585.349426 24.259840 -468.270721
613.252991 35.548462 -430.298828
638.457275 47.520466 -390.658539
660.839783 60.157921 -349.530823
680.288635 73.441544 -307.105377
696.702820 87.351288 -263.581055
709.992920 101.866127 -219.165054
-717.825928 62.640186 -208.091782
-704.509338 46.794640 -252.936523
-688.011536 31.610201 -296.885376
-668.425171 17.109591 -339.727936
-645.854675 3.314501 -381.262146
-620.414978 -9.754295 -421.295776
-592.231750 -22.076979 -459.645660
-561.440674 -33.635262 -496.138184
-528.186157 -44.411205 -530.609985
-492.622528 -54.388821 -562.907593
-454.910980 -63.552444 -592.888794
-415.221405 -71.887749 -620.421875
-373.730530 -79.382019 -645.386719
-330.621582 -86.023003 -667.674622
-286.083466 -91.800224 -687.189209
-240.310715 -96.704811 -703.845825
-193.501892 -100.728340 -717.572815
-145.859695 -103.864746 -728.311035
-97.589760 -106.108467 -736.014343
-48.900017 -107.456299 -740.649658
0.000000 -107.905746 -742.196960
48.900017 -107.456299 -740.649658
97.589760 -106.108467 -736.014343
145.859695 -103.864746 -728.311035
193.501892 -100.728340 -717.572815
240.310715 -96.704811 -703.845825
286.083466 -91.800224 -687.189209
330.621582 -86.023003 -667.674622
373.730530 -79.382019 -645.386719
415.221405 -71.887749 -620.421875
454.910980 -63.552444 -592.888794
492.622528 -54.388821 -562.907593
528.186157 -44.411205 -530.609985
561.440674 -33.635262 -496.138184
592.231750 -22.076979 -459.645660
620.414978 -9.754295 -421.295776
645.854675 3.314501 -381.262146
668.425171 17.109591 -339.727936
688.011536 31.610201 -296.885376
704.509338 46.794640 -252.936523
717.825928 62.640186 -208.091782
-724.087524 23.823233 -193.983749
-710.811646 6.615813 -239.171585
-694.298889 -9.872353 -283.463562
-674.645264 -25.617485 -326.645844
-651.958130 -40.595440 -368.514099
-626.356079 -54.784531 -408.872498
-597.967529 -68.163193 -447.536133
-566.931152 -80.711510 -484.329071
-533.394775 -92.410400 -519.085999
-497.515106 -103.242355 -551.651794
-459.456726 -113.190475 -581.882629
-419.392120 -122.239182 -609.645691
-377.501068 -130.374878 -634.819153
-333.969543 -137.584259 -657.293579
-288.989410 -143.855988 -676.971619
-242.757767 -149.180023 -693.767944
-195.476242 -153.548035 -707.610046
-147.350174 -156.952774 -718.438416
-98.588043 -159.388580 -726.206299
-49.400555 -160.851654 -730.880493
0.000000 -161.339645 -732.440735
49.400555 -160.851654 -730.880493
98.588043 -159.388580 -726.206299
147.350174 -156.952774 -718.438416
195.476242 -153.548035 -707.610046
242.757767 -149.180023 -693.767944
288.989410 -143.855988 -676.971619
333.969543 -137.584259 -657.293579
377.501068 -130.374878 -634.819153
419.392120 -122.239182 -609.645691
459.456726 -113.190475 -581.882629
497.515106 -103.242355 -551.651794
533.394775 -92.410400 -519.085999
566.931152 -80.711510 -484.329071
597.967529 -68.163193 -447.536133
626.356079 -54.784531 -408.872498
651.958130 -40.595440 -368.514099
674.645264 -25.617485 -326.645844
694.298889 -9.872353 -283.463562
710.811646 6.615813 -239.171585
724.087524 23.823233 -193.983749
-728.720093 -14.322824 -176.810394
-715.555603 -32.922451 -222.252930
-699.099976 -50.743027 -266.804077
-679.452454 -67.758934 -310.246826
-656.723755 -83.944908 -352.373596
-631.035156 -99.276756 -392.986969
-602.518799 -113.732628 -431.898132
-571.315918 -127.290443 -468.929932
-537.577393 -139.929916 -503.914856
-501.462708 -151.632324 -536.696167
-463.139648 -162.379654 -567.128296
-422.783356 -172.155380 -595.077148
-380.576141 -180.943863 -620.420044
-336.707031 -188.731873 -643.046265
-291.370514 -195.506958 -662.857605
-244.766479 -201.258102 -679.768005
-197.099182 -205.976227 -693.704285
-148.576752 -209.654190 -704.606262
-99.410164 -212.285294 -712.427246
-49.812950 -213.865829 -717.133240
0.000000 -214.392914 -718.704163
49.812950 -213.865829 -717.133240
99.410164 -212.285294 -712.427246
148.576752 -209.654190 -704.606262
197.099182 -205.976227 -693.704285
244.766479 -201.258102 -679.768005
291.370514 -195.506958 -662.857605
336.707031 -188.731873 -643.046265
380.576141 -180.943863 -620.420044
422.783356 -172.155380 -595.077148
463.139648 -162.379654 -567.128296
501.462708 -151.632324 -536.696167
537.577393 -139.929916 -503.914856
571.315918 -127.290443 -468.929932
602.518799 -113.732628 -431.898132
631.035156 -99.276756 -392.986969
656.723755 -83.944908 -352.373596
679.452454 -67.758934 -310.246826
699.099976 -50.743027 -266.804077
715.555603 -32.922451 -222.252930
728.720093 -14.322824 -176.810394
-731.665771 -51.524406 -156.558090
-718.687073 -71.546135 -202.163406
-702.364136 -90.726852 -246.887177
-682.799622 -109.039528 -290.508270
-660.107117 -126.457069 -332.816986
-634.411682 -142.954346 -373.611969
-605.847778 -158.507721 -412.703003
-574.559998 -173.093964 -449.910278
-540.702271 -186.691589 -485.064270
-504.436615 -199.280014 -518.006958
-465.933655 -210.840515 -548.591003
-425.371429 -221.355209 -576.681091
-382.934998 -230.808182 -602.153137
-338.815979 -239.184616 -624.895569
-293.211456 -246.471252 -644.809265
-246.324051 -252.656601 -661.807495
-198.360580 -257.730957 -675.816345
-149.531677 -261.686218 -686.775513
-100.051056 -264.515991 -694.637390
-50.134659 -266.215454 -699.368103
0.000000 -266.782410 -700.947205
50.134659 -266.215454 -699.368103
100.051056 -264.515991 -694.637390
149.531677 -261.686218 -686.775513
198.360580 -257.730957 -675.816345
246.324051 -252.656601 -661.807495
293.211456 -246.471252 -644.809265
338.815979 -239.184616 -624.895569
382.934998 -230.808182 -602.153137
425.371429 -221.355209 -576.681091
465.933655 -210.840515 -548.591003
504.436615 -199.280014 -518.006958
540.702271 -186.691589 -485.064270
574.559998 -173.093964 -449.910278
605.847778 -158.507721 -412.703003
634.411682 -142.954346 -373.611969
660.107117 -126.457069 -332.816986
682.799622 -109.039528 -290.508270
702.364136 -90.726852 -246.887177
718.687073 -71.546135 -202.163406
731.665771 -51.524406 -156.558090
-732.867371 -87.496811 -133.228104
-720.152710 -108.970436 -178.900787
-704.041687 -129.539185 -223.707077
-684.640320 -149.173996 -267.422485
-662.065735 -167.846924 -309.832855
-636.445618 -185.531494 -350.734985
-607.917786 -202.202301 -389.936066
-576.629944 -217.835129 -427.253784
-542.738464 -232.407211 -462.516876
-506.408478 -245.896866 -495.565491
-467.813416 -258.284149 -526.250793
-427.133881 -269.550323 -554.435974
-384.557648 -279.678528 -579.995972
-340.278870 -288.652557 -602.818298
-294.497375 -296.458923 -622.802856
-247.418121 -303.085327 -639.862061
-199.250519 -308.521240 -653.921875
-150.207703 -312.758423 -664.920898
-100.505806 -315.789459 -672.811707
-50.363258 -317.610168 -677.559814
0.000000 -318.217621 -679.144653
50.363258 -317.610168 -677.559814
100.505806 -315.789459 -672.811707
150.207703 -312.758423 -664.920898
199.250519 -308.521240 -653.921875
247.418121 -303.085327 -639.862061
294.497375 -296.458923 -622.802856
340.278870 -288.652557 -602.818298
384.557648 -279.678528 -579.995972
427.133881 -269.550323 -554.435974
467.813416 -258.284149 -526.250793
506.408478 -245.896866 -495.565491
542.738464 -232.407211 -462.516876
576.629944 -217.835129 -427.253784
607.917786 -202.202301 -389.936066
636.445618 -185.531494 -350.734985
662.065735 -167.846924 -309.832855
684.640320 -149.173996 -267.422485
704.041687 -129.539185 -223.707077
720.152710 -108.970436 -178.900787
732.867371 -87.496811 -133.228104
-732.267151 -121.943039 -106.839844
-719.898560 -144.898407 -152.481155
-704.082397 -166.882599 -197.276871
-684.928040 -187.865189 -240.998444
-662.555847 -207.817047 -283.428589
-637.096802 -226.710205 -324.361115
-608.691895 -244.518356 -363.600006
-577.491455 -261.215759 -400.961273
-543.654907 -276.778656 -436.271606
-507.350281 -291.184387 -469.369080
-468.753479 -304.411804 -500.103546
-428.048004 -316.440979 -528.336975
-385.424133 -327.254669 -553.942810
-341.078430 -336.835510 -576.807922
-295.213379 -345.169220 -596.830994
-248.036362 -352.243225 -613.923950
-199.759216 -358.046143 -628.012085
-150.597412 -362.569000 -639.033752
-100.769539 -365.804810 -646.940735
-50.496292 -367.748352 -651.698730
0.000000 -368.396332 -653.287109
50.496292 -367.748352 -651.698730
100.769539 -365.804810 -646.940735
150.597412 -362.569000 -639.033752
199.759216 -358.046143 -628.012085
248.036362 -352.243225 -613.923950
295.213379 -345.169220 -596.830994
341.078430 -336.835510 -576.807922
385.424133 -327.254669 -553.942810
428.048004 -316.440979 -528.336975
468.753479 -304.411804 -500.103546
507.350281 -291.184387 -469.369080
543.654907 -276.778656 -436.271606
577.491455 -261.215759 -400.961273
608.691895 -244.518356 -363.600006
637.096802 -226.710205 -324.361115
662.555847 -207.817047 -283.428589
684.928040 -187.865189 -240.998444
704.082397 -166.882599 -197.276871
719.898560 -144.898407 -152.481155
732.267151 -121.943039 -106.839844
-729.806702 -154.553757 -77.429489
-717.870361 -179.021347 -122.936966
-702.435913 -202.449020 -167.625244
-683.616028 -224.805405 -211.261948
-661.534668 -246.059647 -253.626724
-636.325745 -266.183044 -294.509949
-608.133484 -285.147980 -333.712860
-577.111206 -302.927979 -371.048920
-543.421265 -319.497925 -406.342712
-507.234406 -334.834259 -439.430603
-468.729187 -348.914612 -470.161133
-428.091766 -361.719116 -498.394165
-385.514801 -373.228027 -524.002991
-341.197723 -383.424896 -546.872375
-295.345154 -392.293854 -566.901062
-248.166946 -399.821503 -583.999878
-199.877228 -405.996674 -598.093445
-150.693771 -410.809204 -609.120056
-100.837509 -414.252380 -617.030579
-50.531403 -416.320190 -621.790955
0.000000 -417.009796 -623.380127
50.531403 -416.320190 -621.790955
100.837509 -414.252380 -617.030579
150.693771 -410.809204 -609.120056
199.877228 -405.996674 -598.093445
248.166946 -399.821503 -583.999878
295.345154 -392.293854 -566.901062
341.197723 -383.424896 -546.872375
385.514801 -373.228027 -524.002991
428.091766 -361.719116 -498.394165
468.729187 -348.914612 -470.161133
507.234406 -334.834259 -439.430603
543.421265 -319.497925 -406.342712
577.111206 -302.927979 -371.048920
608.133484 -285.147980 -333.712860
636.325745 -266.183044 -294.509949
661.534668 -246.059647 -253.626724
683.616028 -224.805405 -211.261948
702.435913 -202.449020 -167.625244
717.870361 -179.021347 -122.936966
729.806702 -154.553757 -77.429489
-725.426086 -185.005371 -45.055592
-714.012634 -211.016815 -90.320854
-699.050781 -235.916885 -134.800858
-680.656860 -259.673004 -178.258743
-658.958069 -282.254089 -220.469666
-634.091919 -303.629761 -261.220886
-606.205566 -323.771851 -300.310822
-575.455505 -342.652405 -337.550385
-542.006714 -360.245911 -372.762146
-506.032898 -376.527344 -405.780579
-467.715363 -391.474182 -436.451935
-427.242737 -405.065002 -464.635284
-384.810211 -417.279694 -490.202667
-340.619629 -428.100891 -513.037842
-294.878113 -437.512695 -533.037964
-247.797684 -445.500458 -550.114258
-199.594818 -452.052612 -564.190002
-150.489563 -457.159119 -575.202942
-100.704956 -460.812012 -583.104370
-50.466213 -463.006287 -587.859131
0.000000 -463.737976 -589.446411
50.466213 -463.006287 -587.859131
100.704956 -460.812012 -583.104370
150.489563 -457.159119 -575.202942
199.594818 -452.052612 -564.190002
247.797684 -445.500458 -550.114258
294.878113 -437.512695 -533.037964
340.619629 -428.100891 -513.037842
384.810211 -417.279694 -490.202667
427.242737 -405.065002 -464.635284
467.715363 -391.474182 -436.451935
506.032898 -376.527344 -405.780579
542.006714 -360.245911 -372.762146
575.455505 -342.652405 -337.550385
606.205566 -323.771851 -300.310822
634.091919 -303.629761 -261.220886
658.958069 -282.254089 -220.469666
680.656860 -259.673004 -178.258743
699.050781 -235.916885 -134.800858
714.012634 -211.016815 -90.320854
725.426086 -185.005371 -45.055592
-719.063477 -212.959702 -9.796539
-708.268127 -240.548233 -54.706341
-693.874207 -266.951019 -98.872276
-676.001709 -292.134949 -142.052231
-654.781494 -316.067749 -184.017426
-630.354370 -338.718719 -224.550812
-602.870544 -360.057983 -263.448822
-572.489807 -380.058075 -300.518402
-539.380066 -398.691589 -335.580200
-503.717743 -415.933350 -368.466980
-465.686829 -431.760071 -399.022614
-425.478424 -446.148682 -427.105865
-383.290619 -459.080048 -452.585663
-339.327179 -470.534607 -475.346466
-293.797729 -480.496307 -495.283966
-246.916672 -488.950684 -512.307861
-198.902588 -495.885162 -526.341858
-149.977707 -501.289337 -537.322754
-100.367188 -505.155243 -545.201355
-50.298367 -507.477203 -549.942688
0.000000 -508.251434 -551.525513
50.298367 -507.477203 -549.942688
100.367188 -505.155243 -545.201355
149.977707 -501.289337 -537.322754
198.902588 -495.885162 -526.341858
246.916672 -488.950684 -512.307861
293.797729 -480.496307 -495.283966
339.327179 -470.534607 -475.346466
383.290619 -459.080048 -452.585663
425.478424 -446.148682 -427.105865
465.686829 -431.760071 -399.022614
503.717743 -415.933350 -368.466980
539.380066 -398.691589 -335.580200
572.489807 -380.058075 -300.518402
602.870544 -360.057983 -263.448822
630.354370 -338.718719 -224.550812
654.781494 -316.067749 -184.017426
676.001709 -292.134949 -142.052231
693.874207 -266.951019 -98.872276
708.268127 -240.548233 -54.706341
719.063477 -212.959702 -9.796539
-710.653809 -238.061768 28.246365
-700.577148 -267.263031 -16.189096
-686.851257 -295.201202 -59.929478
-669.600220 -321.842194 -102.728416
-648.958557 -347.153412 -144.351410
-625.070435 -371.103394 -184.578308
-598.089722 -393.662354 -223.200851
-568.179016 -414.801086 -260.024292
-535.509399 -434.492279 -294.866150
-500.260071 -452.710022 -327.556915
-462.617798 -469.430115 -357.938812
-422.776276 -484.629303 -385.868622
-380.935822 -498.287415 -411.214661
-337.302887 -510.384796 -433.859589
-292.089325 -520.904541 -453.698364
-245.511703 -529.831970 -470.640076
245.511703 -529.831970 -470.640076
292.089325 -520.904541 -453.698364
337.302887 -510.384796 -433.859589
380.935822 -498.287415 -411.214661
422.776276 -484.629303 -385.868622
462.617798 -469.430115 -357.938812
500.260071 -452.710022 -327.556915
535.509399 -434.492279 -294.866150
568.179016 -414.801086 -260.024292
598.089722 -393.662354 -223.200851
625.070435 -371.103394 -184.578308
648.958557 -347.153412 -144.351410
669.600220 -321.842194 -102.728416
686.851257 -295.201202 -59.929478
700.577148 -267.263031 -16.189096
710.653809 -238.061768 28.246365
-700.128052 -259.937195 68.943024
-690.876343 -290.790710 25.108810
-677.924011 -320.299530 -18.088612
-661.399292 -348.429596 -60.397003
-641.440613 -375.148071 -101.576988
-618.195984 -400.423340 -141.403015
-591.822632 -424.224823 -179.664169
-562.486450 -446.523346 -216.161606
-530.361633 -467.291077 -250.710281
-495.630127 -486.501343 -283.138184
-458.481628 -504.129517 -313.285889
-419.112366 -520.152161 -341.008087
419.112366 -520.152161 -341.008087
458.481628 -504.129517 -313.285889
495.630127 -486.501343 -283.138184
530.361633 -467.291077 -250.710281
562.486450 -446.523346 -216.161606
591.822632 -424.224823 -179.664169
618.195984 -400.423340 -141.403015
641.440613 -375.148071 -101.576988
661.399292 -348.429596 -60.397003
677.924011 -320.299530 -18.088612
690.876343 -290.790710 25.108810
700.128052 -259.937195 68.943024
-687.411682 -278.190460 112.135544
-679.098083 -310.740112 69.038475
-667.030518 -341.859009 26.508863
-651.342346 -371.513550 -15.192655
-632.176270 -399.671173 -55.822208
-609.684143 -426.300110 -95.149406
-584.026794 -451.369995 -132.957794
-555.373657 -474.851105 -169.045776
-523.901917 -496.715515 -203.225113
-489.796844 -516.936523 -235.320282
489.796844 -516.936523 -235.320282
523.901917 -496.715515 -203.225113
555.373657 -474.851105 -169.045776
584.026794 -451.369995 -132.957794
609.684143 -426.300110 -95.149406
632.176270 -399.671173 -55.822208
651.342346 -371.513550 -15.192655
667.030518 -341.859009 26.508863
679.098083 -310.740112 69.038475
687.411682 -278.190460 112.135544
-672.421326 -292.396606 157.630524
-665.169373 -326.697388 115.416222
-654.103699 -359.469238 73.690376
-639.368347 -390.688416 32.718887
-621.110046 -420.321136 -7.246391
-599.484497 -448.335938 -45.969204
-574.656616 -474.702759 -83.228661
-546.799316 -499.392151 -118.819000
-516.093384 -522.376038 -152.547913
516.093384 -522.376038 -152.547913
546.799316 -499.392151 -118.819000
574.656616 -474.702759 -83.228661
599.484497 -448.335938 -45.969204
621.110046 -420.321136 -7.246391
639.368347 -390.688416 32.718887
654.103699 -359.469238 73.690376
665.169373 -326.697388 115.416222
672.421326 -292.396606 157.630524
-655.071716 -302.110901 205.195480
-649.144043 -338.416168 163.988770
-639.069031 -372.693573 123.248932
-625.410339 -405.523560 83.141380
-608.181091 -436.672607 43.963360
-587.542236 -466.110291 5.957003
-563.662537 -493.806732 -30.650854
-536.718933 -519.733521 -65.649391
536.718933 -519.733521 -65.649391
563.662537 -493.806732 -30.650854
587.542236 -466.110291 5.957003
608.181091 -436.672607 43.963360
625.410339 -405.523560 83.141380
639.069031 -372.693573 123.248932
649.144043 -338.416168 163.988770
655.071716 -302.110901 205.195480
-635.258423 -306.840851 254.550446
-630.514709 -344.812347 214.601974
-621.865967 -381.097137 174.929398
-609.392212 -415.555511 135.838577
-593.322510 -448.271454 97.580177
-573.796875 -479.174774 60.411831
-550.989868 -508.238586 24.566135
550.989868 -508.238586 24.566135
573.796875 -479.174774 60.411831
593.322510 -448.271454 97.580177
609.392212 -415.555511 135.838577
621.865967 -381.097137 174.929398
630.514709 -344.812347 214.601974
635.258423 -306.840851 254.550446
-612.856628 -306.040802 305.361481
-609.593384 -345.972595 266.831421
-602.332520 -384.063812 228.453247
-591.226807 -420.281494 190.529495
-576.625854 -454.938354 153.283646
-558.181763 -487.052521 117.138313
-536.577209 -517.524231 82.177315
536.577209 -517.524231 82.177315
558.181763 -487.052521 117.138313
576.625854 -454.938354 153.283646
591.226807 -420.281494 190.529495
602.332520 -384.063812 228.453247
609.593384 -345.972595 266.831421
612.856628 -306.040802 305.361481
-587.727539 -299.114777 357.220673
-586.113464 -341.111877 320.334503
-580.424072 -381.137817 283.446259
-570.826843 -419.175201 246.875259
-557.495972 -455.204895 210.914474
-540.610413 -489.204590 175.835312
-520.322571 -521.081360 141.900208
520.322571 -521.081360 141.900208
540.610413 -489.204590 175.835312
557.495972 -455.204895 210.914474
570.826843 -419.175201 246.875259
580.424072 -381.137817 283.446259
586.113464 -341.111877 320.334503
587.727539 -299.114777 357.220673
-559.696045 -285.377777 409.633881
-559.923462 -329.577240 374.652893
-555.985535 -371.656433 339.487732
-548.062866 -411.608612 304.476563
-536.338623 -449.420502 269.931305
-520.999939 -485.075195 236.136368
-502.240631 -518.557190 203.354431
502.240631 -518.557190 203.354431
520.999939 -485.075195 236.136368
536.338623 -449.420502 269.931305
548.062866 -411.608612 304.476563
555.985535 -371.656433 339.487732
559.923462 -329.577240 374.652893
559.696045 -285.377777 409.633881
-528.541260 -264.028503 461.988403
-530.834412 -310.614136 429.224274
-528.853333 -354.901550 396.054901
-522.795044 -396.898956 362.845642
-512.856506 -436.605347 329.929718
-499.236908 -474.015686 297.609497
-482.137177 -509.117706 266.161865
482.137177 -509.117706 266.161865
499.236908 -474.015686 297.609497
512.856506 -436.605347 329.929718
522.795044 -396.898956 362.845642
528.853333 -354.901550 396.054901
530.834412 -310.614136 429.224274
528.541260 -264.028503 461.988403
ê≥ñ ã¬äp 0.00 ê≥ñ òÎäp 0.00 ç≈ëÂêÖïΩäpìx 50.72
